68,-4,1035
84,24
88,-18
56,14
52,20
70,-30
46,-14
86,-10
58,-24
80,-32
96,6
98,24
90,-16
90,20
78,18
64,0
62,-24
36,14
70,-26
64,6
64,-14
38,-14
68,-24
66,-20
40,-16
98,-24
96,-4
78,-32
74,4
50,4
94,-28
78,18
44,28
98,16
42,6
52,-14
68,6
32,-6
90,-24
84,-36
56,26
90,18
58,-22
46,-22
62,-6
96,-16
74,6
58,-24
40,10
44,-30
86,8
52,-18
50,10
44,-22
48,-34
76,-36
70,26
84,-34
50,-4
60,-4
46,8
40,-30
48,4
50,22
72,-14
68,-16
92,6
56,-10
54,8
84,-10
80,-20
60,0
46,-16
82,10
70,-22
98,6
36,-4
48,-2
80,20
66,16
38,-8
88,10
94,-10
94,6
88,16
76,26
70,8
76,-26
54,-4
94,-2
90,20
74,-24
80,10
90,16
76,16
98,-28
64,28
54,-32
92,22
58,10
44,-32
68,26
48,-30
96,-8
82,-20
44,20
88,-36
98,-36
88,-8
50,-18
72,-18
78,26
56,0
50,26
74,18
80,-16
56,-30
48,8
80,-24
56,8
88,18
86,18
96,-20
40,2
58,-30
66,-18
72,-6
72,-12
88,-14
52,-34
52,-34
78,24
44,-28
74,-34
60,-34
74,-18
54,-14
56,-22
64,-4
80,16
60,-2
92,20
90,16
94,4
90,26
72,2
82,-20
94,-22
98,-16
52,16
42,-32
66,-10
48,-32
50,-14
96,18
60,-12
38,-8
78,-26
58,26
94,8
94,-30
86,-24
98,-4
66,-10
86,-16
58,-8
94,-14
72,10
70,-8
68,-22
76,-30
62,18
48,-34
80,-26
94,-30
36,-6
60,4
66,2
94,-36
96,-30
90,-4
52,12
50,22
76,-6
70,4
66,-16
50,14
94,-18
34,-14
78,-4
92,-34
78,0
32,0
78,-8
80,-20
40,-24
42,-30
68,16
64,-8
82,2
60,-6
62,-10
74,-12
60,-2
40,-10
48,20
54,-12
78,-20
54,-4
58,6
98,20
66,12
80,10
78,0
54,-18
76,-28
74,8
92,0
40,-8
70,-34
76,-14
72,-10
52,24
84,0
88,-22
62,-6
58,-12
40,-18
90,-6
56,-10
56,16
76,-36
44,16
48,12
82,-6
56,8
64,8
80,20
78,0
78,-20
64,0
82,-16
44,6
68,-28
88,-6
76,4
82,6
30,-4
48,-10
50,-18
60,-14
48,-8
66,-26
68,-28
92,22
32,-10
48,14
44,-24
74,12
64,12
64,-6
56,-4
94,28
50,16
92,28
74,22
36,4
50,4
96,8
64,26
66,6
60,-30
68,-12
80,-32
44,10
82,12
68,26
90,-26
48,2
42,-12
76,22
54,-14
78,-16
92,8
92,8
96,14
94,-6
96,-12
58,26
50,-20
86,10
54,-24
62,-24
42,-30
48,28
32,-6
74,-24
72,2
48,20
78,4
82,8
84,24
34,-14
98,-34
60,-18
66,16
94,26
44,-14
36,-20
52,-28
78,4
86,-18
52,4
52,-12
48,4
94,0
88,-24
66,12
74,-6
84,-16
66,2
76,26
62,6
74,-12
80,20
78,-36
80,-6
80,-18
58,-8
76,4
84,-24
80,-6
70,28
68,2
80,-8
50,6
78,24
74,-20
34,-4
48,4
64,28
56,-14
58,-10
44,24
80,-22
88,0
98,-32
82,-12
80,28
68,-14
56,-34
80,12
42,-18
86,8
72,4
60,-34
70,-14
68,-6
56,-8
82,12
58,28
72,0
84,-24
54,-34
68,-20
58,20
92,18
68,6
48,-26
46,-22
88,-36
96,0
52,-34
88,-10
50,6
78,20
96,-34
50,4
48,24
62,14
60,2
76,-24
44,-26
56,-26
78,-22
44,2
56,-2
92,-32
60,26
74,-30
50,-26
44,14
54,-8
46,-14
86,28
80,4
30,-4
74,22
72,-34
60,-20
96,-36
50,-20
30,-2
70,26
58,2
92,-22
86,-8
40,-4
44,-4
90,20
92,22
66,-32
46,-12
98,-36
80,24
50,-20
58,-18
76,0
84,6
74,14
92,-4
60,-4
42,-4
46,-8
58,-30
94,-16
62,8
98,0
58,-18
80,-10
38,4
80,-18
34,2
58,22
40,-2
54,-28
64,28
72,-2
44,2
58,20
94,26
94,-26
40,-12
54,-16
72,20
38,6
80,-6
76,10
80,0
74,-8
86,-16
36,-4
82,-8
96,-4
88,12
88,20
56,-22
96,-24
42,6
60,22
98,14
92,-30
98,-36
86,-34
80,-14
74,2
40,18
72,-4
70,-12
88,-20
42,4
82,-8
96,-22
40,4
66,-22
64,20
94,-10
40,-6
36,-6
56,-24
74,-6
96,28
74,-2
44,2
72,12
78,24
84,-26
94,20
88,-34
52,16
38,8
68,26
86,4
64,-6
54,20
72,12
90,12
66,-26
62,-24
80,28
98,-22
34,-10
64,2
90,4
92,10
94,-6
46,-34
50,2
80,8
90,8
74,-14
78,-36
94,-10
80,-4
50,-14
40,-8
52,-6
90,-10
74,-14
88,-26
78,0
44,16
58,-28
92,-4
42,26
92,-10
84,8
96,-4
66,-14
46,14
50,12
64,20
66,8
44,-28
84,16
70,10
84,-22
48,12
84,-12
46,6
96,-4
86,20
46,-4
84,-4
46,-28
56,14
92,-28
88,-16
54,-34
86,28
54,-24
66,12
58,-32
64,18
92,-8
98,18
48,-8
72,-4
96,-4
66,-16
90,-32
46,26
92,-32
72,-10
68,8
68,14
52,16
42,-12
44,2
66,-28
76,-36
40,14
80,4
42,-8
36,12
84,22
68,-24
82,-28
96,8
62,-20
58,16
34,-10
96,26
30,-4
96,-2
78,-14
98,-16
36,-8
84,16
74,-14
40,12
92,6
98,2
96,10
64,4
60,20
40,12
36,-20
40,-22
76,-18
64,10
62,8
84,-14
44,22
44,18
46,-18
70,8
92,8
78,22
92,-34
68,12
50,-24
50,-34
70,18
82,8
72,-16
40,-28
52,22
52,18
72,18
98,-36
50,22
38,-10
68,-16
58,22
88,16
78,-16
80,10
88,-6
76,-34
70,12
94,0
54,12
98,22
74,28
64,18
34,4
66,-22
82,-32
68,-16
38,-8
96,-20
58,14
80,-14
58,8
86,8
48,-16
82,-12
94,-34
84,-4
40,-12
84,-10
76,-18
68,-12
60,22
96,-32
66,14
98,22
48,-16
48,0
90,-22
78,-16
96,26
68,28
50,-26
98,14
92,2
96,24
92,-16
54,-32
82,-24
86,-32
86,14
40,-30
84,-26
94,-30
46,-24
66,10
86,12
94,-2
36,14
74,12
98,14
78,-12
90,16
42,2
46,-22
84,-20
64,-30
38,0
74,-20
80,-14
60,22
42,-8
74,-10
76,-4
54,-14
72,-20
62,-6
86,-8
60,-16
56,-24
70,-32
50,-26
48,-2
80,10
38,-12
64,-32
48,-6
76,16
62,2
40,-14
68,-6
38,14
54,28
54,-26
44,26
46,-2
54,-30
54,-32
54,8
48,26
96,20
90,16
68,-22
54,10
86,-4
94,18
96,-6
62,-2
96,18
42,-8
54,-16
70,-14
54,-10
96,0
42,-30
54,-18
68,-36
86,10
92,-8
70,-4
92,-20
56,-16
92,4
46,28
44,-18
62,-8
48,-24
40,-4
44,18
58,6
76,-24
92,16
94,14
82,-8
76,-14
62,18
70,-18
54,10
50,26
80,12
82,28
56,14
86,-32
80,8
78,-36
60,10
90,-32
86,4
82,-8
34,-10
56,6
98,10
56,4
52,12
90,16
94,-2
48,14
54,-14
42,-20
42,-6
64,-28
44,24
70,4
56,-26
48,-22
50,-6
84,-30
74,-12
42,-34
62,-24
66,18
84,-12
56,-20
32,0
78,-28
38,-2
68,14
86,4
72,-36
40,-4
74,18
98,24
62,-6
44,-18
74,-12
58,-20
58,24
78,-30
42,26
80,6
54,14
50,26
74,-8
54,-26
44,18
68,-24
70,-28
94,-4
46,-30
90,-32
74,-6
70,-36
76,4
58,12
90,-6
76,-32
40,-24
74,20
48,-4
76,-10
92,6
68,6
86,-8
60,-22
70,-14
70,8
82,-22
90,10
62,26
40,-16
82,26
46,-10
84,-4
60,-22
88,14
48,-2
82,-8
66,8
50,-6
36,10
70,-32
60,12
50,-26
88,8
98,-6
72,-34
48,-22
46,22
84,-24
98,16
40,0
80,12
58,-34
98,-10
38,8
88,0
76,18
52,0
58,-4
76,-30
50,14
76,-4
56,-34
70,-34
46,-16
52,10
82,-4
78,0
70,-24
44,28
80,-16
52,-2
82,24
82,-36
78,0
78,0
78,20
42,-12
72,8
94,18
72,0
32,-2
42,-4
96,-36
64,-6
72,22
78,-36
46,18
60,2
46,14
76,2
46,-24
46,-4
62,-10
58,28
92,-2
96,-4
80,8
96,-14
80,-14
58,18
66,10
84,-8
72,20
74,-2
40,16
76,-12
98,20
72,20
68,-30
82,-22
72,-2
44,-30
76,-30
56,28
88,14
84,2
72,26
44,0
62,-20
60,-34
62,-14
52,14
72,22
96,4
38,-18
38,-22
34,-2
82,10
56,6
84,-32
84,-12
46,4
86,-16
96,-20
70,-20
42,-8
38,-2
88,14
78,-28
86,6
78,-34
98,-4
90,10
68,-26
76,-32
64,4
58,-12
54,-18
94,-16
70,14
92,-22
60,-10
70,-24
60,16
90,2
62,-14
88,20
94,-14
96,0
58,24
64,-30
32,-4
50,28
78,-32
74,-32
58,28
54,22
72,10
42,12
76,-32
72,-36
64,22
74,-14
88,4
98,-26
82,-4
94,6
92,-10
54,20
62,-20
42,10
36,8
36,-8
86,-8
80,-32
64,12
40,-16
42,-16
56,-30
68,-14
84,6
80,16
66,-4
88,-22
82,10
42,4
80,18
80,16
86,-10
40,10
90,-22
88,22
68,-2
96,-20
80,-36
80,22
90,-30
56,24
78,26
76,-6
64,-8
48,28
96,-24
70,-34
98,26
48,-28
82,-4
94,14
88,6
80,-12
82,16
72,20
40,6
-70,-63,1117
-96,-98
-82,-42
-64,-80
-92,-32
-34,-48
-46,-80
-66,-44
-62,-54
-50,-40
-58,-54
-86,-90
-66,-100
-56,-54
-88,-88
-48,-52
-98,-82
-78,-60
-92,-90
-50,-30
-72,-66
-90,-34
-46,-78
-40,-66
-98,-88
-46,-32
-42,-76
-82,-80
-72,-36
-56,-58
-38,-46
-56,-32
-90,-44
-36,-50
-42,-52
-40,-66
-94,-82
-78,-32
-38,-50
-50,-90
-80,-80
-74,-86
-72,-44
-100,-78
-72,-98
-86,-44
-68,-88
-94,-72
-54,-80
-88,-38
-56,-46
-48,-56
-98,-56
-52,-86
-98,-88
-84,-78
-62,-100
-50,-46
-58,-98
-50,-92
-76,-70
-54,-92
-84,-70
-98,-86
-70,-40
-80,-96
-48,-54
-52,-76
-58,-32
-46,-48
-90,-88
-54,-72
-56,-60
-84,-50
-92,-68
-44,-50
-48,-96
-74,-44
-58,-44
-66,-84
-52,-48
-72,-90
-50,-80
-92,-30
-80,-46
-88,-88
-64,-80
-48,-74
-58,-48
-86,-80
-98,-42
-58,-60
-94,-46
-96,-76
-78,-38
-86,-84
-82,-92
-96,-56
-92,-82
-90,-48
-54,-96
-42,-50
-94,-72
-74,-50
-54,-34
-62,-82
-42,-66
-86,-48
-48,-76
-78,-38
-40,-64
-96,-66
-76,-60
-80,-90
-54,-36
-94,-32
-100,-36
-68,-44
-74,-96
-80,-46
-46,-100
-92,-74
-72,-38
-96,-100
-64,-82
-70,-74
-78,-70
-60,-44
-76,-38
-60,-82
-64,-58
-84,-54
-76,-44
-42,-84
-46,-58
-56,-50
-92,-68
-94,-30
-56,-38
-38,-48
-96,-62
-80,-66
-72,-34
-78,-90
-66,-66
-70,-46
-44,-42
-62,-58
-100,-84
-68,-58
-46,-38
-62,-84
-84,-52
-72,-70
-44,-40
-52,-34
-78,-78
-52,-84
-68,-58
-44,-48
-88,-96
-44,-78
-46,-54
-54,-30
-92,-84
-70,-92
-90,-90
-82,-72
-88,-60
-60,-66
-46,-34
-46,-62
-58,-42
-72,-58
-78,-74
-50,-100
-40,-70
-100,-78
-58,-44
-62,-66
-46,-74
-64,-96
-66,-54
-46,-82
-78,-56
-70,-38
-72,-54
-58,-92
-66,-58
-52,-60
-46,-42
-68,-70
-72,-36
-62,-70
-58,-96
-44,-92
-100,-56
-90,-90
-46,-80
-58,-96
-40,-42
-88,-34
-82,-50
-46,-90
-64,-88
-42,-80
-50,-52
-90,-62
-64,-88
-56,-54
-90,-54
-46,-64
-58,-38
-56,-54
-68,-70
-86,-84
-62,-62
-82,-46
-60,-78
-48,-48
-78,-86
-68,-86
-98,-46
-80,-62
-96,-50
-70,-56
-56,-42
-64,-32
-76,-58
-92,-76
-52,-60
-60,-68
-92,-34
-64,-32
-74,-36
-96,-96
-84,-52
-64,-94
-64,-96
-72,-58
-58,-74
-92,-58
-90,-60
-56,-92
-42,-54
-80,-58
-40,-78
-96,-30
-52,-44
-56,-60
-78,-88
-54,-60
-44,-34
-66,-90
-80,-40
-36,-50
-92,-74
-52,-46
-82,-84
-88,-96
-100,-54
-62,-40
-70,-74
-48,-48
-56,-38
-64,-62
-50,-36
-46,-60
-50,-58
-46,-74
-66,-40
-40,-38
-68,-34
-94,-32
-80,-34
-88,-66
-50,-58
-98,-86
-98,-86
-56,-94
-54,-36
-68,-48
-58,-82
-94,-46
-58,-76
-56,-84
-96,-38
-74,-98
-56,-54
-98,-38
-100,-94
-78,-82
-82,-32
-94,-58
-64,-96
-60,-56
-62,-86
-46,-42
-80,-96
-70,-82
-80,-44
-54,-92
-68,-62
-100,-36
-86,-72
-92,-52
-64,-46
-100,-62
-74,-32
-94,-72
-82,-88
-64,-78
-50,-46
-96,-92
-90,-80
-94,-86
-86,-30
-46,-94
-92,-76
-54,-74
-90,-80
-82,-42
-68,-46
-48,-64
-42,-74
-46,-66
-58,-74
-80,-74
-46,-82
-62,-34
-94,-70
-94,-60
-38,-70
-72,-64
-62,-44
-60,-46
-38,-56
-48,-44
-92,-94
-86,-100
-76,-62
-66,-88
-82,-54
-48,-86
-60,-90
-42,-68
-46,-78
-96,-100
-88,-42
-50,-46
-44,-90
-82,-82
-74,-92
-78,-42
-80,-74
-94,-32
-98,-30
-48,-36
-96,-88
-72,-80
-90,-58
-68,-96
-84,-34
-82,-60
-66,-72
-72,-38
-42,-54
-88,-42
-86,-50
-68,-42
-62,-58
-72,-94
-82,-54
-88,-54
-84,-90
-46,-92
-94,-52
-50,-32
-88,-48
-46,-74
-80,-88
-68,-44
-50,-44
-80,-98
-72,-72
-100,-30
-82,-32
-44,-64
-66,-86
-66,-70
-88,-92
-82,-86
-48,-50
-46,-44
-60,-34
-78,-64
-66,-62
-80,-60
-100,-38
-84,-36
-44,-72
-52,-60
-60,-46
-48,-42
-52,-76
-90,-54
-98,-60
-86,-98
-72,-64
-46,-100
-96,-82
-36,-44
-56,-40
-84,-86
-44,-46
-54,-86
-42,-78
-72,-52
-54,-72
-70,-42
-82,-86
-92,-50
-54,-54
-96,-30
-86,-52
-90,-50
-36,-60
-40,-38
-62,-78
-86,-78
-58,-62
-78,-64
-84,-86
-58,-98
-54,-50
-78,-44
-48,-30
-54,-60
-98,-72
-96,-84
-72,-86
-100,-76
-84,-34
-54,-48
-50,-70
-78,-92
-86,-46
-88,-54
-46,-72
-52,-72
-38,-54
-88,-44
-38,-68
-52,-84
-72,-48
-96,-94
-82,-76
-40,-78
-100,-52
-62,-60
-92,-74
-94,-48
-96,-40
-86,-82
-76,-36
-46,-42
-98,-34
-72,-96
-72,-44
-72,-94
-64,-72
-68,-80
-92,-72
-98,-40
-58,-50
-82,-98
-72,-60
-72,-62
-64,-62
-78,-46
-96,-96
-98,-84
-94,-32
-54,-96
-66,-66
-78,-70
-96,-40
-72,-100
-94,-82
-46,-100
-94,-90
-36,-48
-48,-90
-54,-80
-100,-34
-60,-100
-70,-74
-88,-38
-54,-100
-48,-34
-66,-62
-86,-72
-68,-82
-72,-70
-78,-34
-100,-68
-90,-54
-46,-90
-54,-64
-86,-78
-82,-38
-84,-50
-80,-72
-90,-78
-48,-58
-76,-44
-52,-40
-64,-98
-68,-32
-82,-54
-62,-78
-46,-64
-76,-62
-94,-90
-92,-62
-96,-88
-60,-52
-84,-38
-78,-84
-38,-60
-88,-74
-78,-46
-62,-96
-66,-32
-92,-50
-48,-72
-98,-54
-82,-94
-96,-92
-62,-34
-70,-74
-92,-40
-60,-30
-56,-30
-58,-52
-46,-70
-62,-46
-98,-92
-94,-100
-68,-32
-78,-40
-74,-36
-56,-46
-70,-74
-48,-46
-54,-48
-48,-30
-64,-38
-80,-58
-40,-42
-70,-68
-86,-34
-88,-68
-78,-50
-96,-90
-36,-44
-82,-54
-56,-82
-84,-30
-64,-82
-82,-72
-94,-60
-66,-46
-68,-82
-68,-74
-100,-36
-76,-68
-84,-96
-88,-84
-38,-52
-94,-46
-42,-76
-88,-68
-58,-92
-76,-62
-42,-54
-68,-100
-58,-56
-54,-58
-46,-52
-42,-54
-74,-30
-78,-80
-76,-96
-90,-100
-94,-56
-48,-94
-44,-52
-60,-84
-68,-72
-98,-54
-84,-96
-96,-34
-88,-44
-48,-60
-90,-92
-74,-32
-68,-72
-58,-36
-92,-42
-44,-90
-46,-54
-40,-76
-72,-66
-86,-52
-74,-48
-44,-30
-70,-66
-40,-40
-60,-66
-98,-70
-48,-72
-74,-72
-94,-38
-38,-54
-86,-48
-72,-48
-62,-60
-50,-86
-80,-76
-54,-74
-82,-60
-84,-72
-96,-90
-72,-92
-92,-92
-88,-86
-42,-76
-74,-54
-90,-46
-82,-34
-96,-36
-84,-56
-72,-34
-84,-70
-64,-80
-48,-80
-96,-92
-84,-46
-74,-76
-78,-74
-86,-50
-74,-100
-62,-32
-62,-92
-66,-44
-66,-68
-86,-58
-72,-98
-72,-44
-78,-50
-58,-80
-72,-40
-90,-70
-80,-36
-80,-76
-78,-70
-50,-70
-92,-94
-74,-76
-96,-86
-44,-50
-64,-62
-40,-48
-68,-62
-100,-90
-98,-84
-52,-64
-38,-64
-60,-56
-98,-70
-62,-68
-76,-72
-86,-64
-94,-66
-72,-34
-80,-54
-82,-50
-58,-54
-70,-68
-52,-44
-90,-34
-86,-50
-86,-80
-72,-88
-64,-64
-66,-78
-84,-42
-78,-88
-64,-68
-68,-38
-44,-68
-82,-34
-58,-86
-86,-46
-46,-92
-60,-76
-40,-52
-54,-76
-86,-52
-62,-60
-76,-58
-80,-50
-44,-66
-86,-52
-72,-66
-52,-54
-84,-86
-40,-70
-98,-50
-90,-98
-62,-100
-52,-44
-90,-52
-42,-34
-94,-30
-64,-50
-44,-78
-86,-88
-46,-62
-92,-100
-80,-34
-48,-76
-96,-86
-38,-52
-92,-30
-94,-72
-42,-44
-72,-32
-58,-76
-44,-64
-80,-40
-52,-30
-82,-54
-76,-66
-78,-34
-86,-60
-58,-60
-62,-62
-54,-70
-98,-98
-88,-80
-72,-100
-68,-64
-48,-100
-76,-70
-84,-60
-86,-94
-96,-44
-90,-64
-92,-48
-72,-96
-72,-64
-40,-74
-78,-52
-88,-40
-98,-40
-86,-90
-100,-40
-64,-66
-68,-84
-60,-54
-70,-32
-70,-52
-86,-54
-90,-50
-60,-34
-68,-30
-40,-42
-58,-60
-96,-52
-80,-66
-40,-62
-42,-68
-44,-36
-48,-44
-42,-34
-100,-66
-78,-56
-48,-40
-42,-40
-38,-46
-74,-44
-42,-66
-42,-68
-98,-100
-58,-42
-98,-74
-86,-72
-76,-98
-78,-38
-66,-58
-100,-94
-72,-68
-50,-92
-58,-96
-90,-66
-50,-66
-68,-84
-74,-98
-64,-68
-54,-54
-40,-38
-90,-58
-76,-46
-94,-92
-48,-54
-86,-30
-64,-34
-72,-50
-44,-94
-62,-50
-86,-80
-54,-36
-52,-64
-44,-62
-62,-52
-44,-38
-78,-32
-68,-60
-70,-48
-50,-70
-80,-72
-96,-92
-52,-42
-50,-90
-96,-42
-46,-34
-98,-30
-44,-30
-52,-70
-74,-58
-86,-32
-62,-80
-86,-74
-84,-64
-72,-76
-82,-42
-68,-56
-88,-58
-96,-68
-40,-60
-46,-30
-52,-50
-44,-92
-72,-42
-62,-62
-46,-38
-74,-30
-70,-68
-100,-30
-66,-88
-76,-92
-82,-68
-76,-100
-44,-92
-46,-62
-64,-74
-44,-32
-68,-88
-54,-68
-100,-46
-54,-58
-50,-68
-46,-86
-58,-46
-96,-66
-62,-44
-48,-94
-94,-96
-88,-76
-60,-74
-68,-58
-60,-62
-90,-54
-56,-50
-74,-64
-98,-96
-48,-46
-38,-68
-88,-68
-86,-66
-80,-66
-68,-36
-90,-40
-80,-34
-92,-98
-66,-48
-64,-58
-88,-66
-98,-82
-46,-86
-56,-60
-38,-54
-50,-90
-42,-56
-78,-58
-70,-40
-82,-64
-52,-80
-92,-30
-42,-50
-100,-76
-46,-30
-86,-48
-94,-42
-58,-100
-44,-82
-42,-48
-50,-40
-96,-90
-70,-60
-56,-74
-48,-58
-92,-58
-62,-50
-94,-36
-90,-68
-76,-70
-80,-82
-46,-50
-94,-80
-96,-58
-62,-76
-58,-42
-66,-92
-98,-82
-64,-66
-86,-46
-94,-90
-54,-94
-74,-68
-54,-72
-86,-56
-100,-70
-98,-32
-92,-96
-80,-96
-90,-92
-82,-36
-46,-42
-72,-34
-78,-58
-72,-66
-88,-46
-46,-84
-54,-80
-54,-90
-40,-40
-82,-64
-78,-46
-92,-90
-82,-96
-64,-80
-64,-66
-52,-100
-98,-94
-78,-94
-92,-44
-90,-88
-98,-64
-64,-88
-72,-54
-38,-52
-52,-32
-94,-64
-52,-36
-78,-40
-94,-76
-88,-92
-58,-42
-42,-56
-76,-44
-46,-98
-42,-52
-90,-94
-82,-34
-46,-42
-88,-92
-78,-32
-62,-80
-84,-90
-96,-90
-78,-68
-78,-52
-36,-46
-60,-86
-100,-40
-92,-98
-70,-88
-48,-100
-92,-52
-76,-44
-60,-56
-44,-76
-86,-46
-46,-74
-62,-98
-46,-46
-70,-36
-56,-32
-52,-92
-76,-96
-84,-34
-48,-38
-94,-44
-82,-38
-62,-62
-74,-80
-48,-60
-54,-86
-76,-42
-92,-62
-98,-36
-58,-60
-68,-48
-56,-98
-54,-70
-98,-44
-94,-84
-88,-86
-56,-50
-44,-94
-100,-34
-94,-44
-46,-48
-58,-78
-84,-90
-58,-58
-78,-32
-64,-56
-36,-46
-60,-58
-40,-56
-60,-78
-50,-54
-74,-66
-64,-42
-86,-84
-62,-74
-100,-84
-40,-74
-58,-54
-86,-42
-84,-34
-54,-46
-90,-82
-96,-68
-44,-60
-88,-50
-96,-62
-60,-76
-84,-98
-70,-54
-92,-86
-78,-68
-58,-88
-74,-82
-44,-34
-84,-94
-50,-84
-42,-66
-54,-100
-96,-100
-66,-74
-76,-32
-86,-60
-82,-40
-98,-62
-70,-46
-84,-42
-52,-72
-80,-96
-96,-54
-78,-40
-82,-70
-94,-76
-48,-98
-56,-36
-72,-70
-72,-52
-96,-88
-74,-42
-68,-88
-66,-32
-78,-66
-56,-34
-80,-62
-74,-38
-96,-38
-82,-44
-86,-58
-76,-100
-70,-72
-36,-44
-94,-98
-84,-64
-46,-60
-52,-38
-58,-40
-80,-32
-40,-74
-76,-54
-60,-32
-94,-90
-88,-30
-56,-66
-86,-36
-6,-78,828
32,-100
10,-94
-2,-94
-26,-56
-2,-60
-2,-76
-18,-80
-12,-60
20,-76
-2,-66
14,-98
0,-78
-2,-60
-30,-96
-28,-96
26,-88
26,-68
10,-100
28,-80
26,-68
-6,-92
18,-98
-16,-84
26,-60
14,-66
-8,-88
-24,-72
-6,-68
20,-90
-2,-54
20,-68
20,-90
-16,-72
-4,-98
-2,-84
-26,-52
6,-76
24,-98
26,-72
-10,-60
10,-68
-22,-90
-2,-84
-4,-88
16,-58
-2,-70
-4,-56
-6,-82
-12,-94
20,-86
-20,-58
30,-96
6,-60
14,-84
-14,-68
-36,-96
20,-70
-28,-58
-34,-98
-14,-80
0,-60
18,-70
-8,-76
-2,-56
-2,-76
-4,-76
-40,-84
-32,-88
-26,-92
2,-80
-6,-72
0,-94
-10,-90
-36,-94
-22,-94
26,-76
28,-100
-24,-54
26,-90
-22,-98
-16,-54
12,-82
-16,-58
24,-58
-36,-78
12,-72
20,-98
24,-76
12,-94
-32,-86
-24,-98
-24,-60
-8,-54
22,-86
26,-84
-14,-54
2,-62
10,-56
-8,-72
26,-90
-30,-68
26,-70
-10,-70
8,-96
20,-80
-18,-90
-22,-68
6,-66
20,-84
28,-98
24,-76
14,-70
-24,-74
10,-96
30,-92
-34,-64
-30,-100
-34,-56
-32,-62
-26,-76
-4,-86
-6,-100
-8,-62
-6,-96
16,-88
30,-100
14,-88
20,-64
-40,-90
-26,-94
-18,-66
0,-72
-12,-94
-4,-80
-24,-68
-4,-86
-38,-94
-28,-94
-34,-96
-36,-90
2,-92
-28,-90
8,-84
-40,-96
30,-96
-24,-52
18,-68
-26,-66
-36,-64
-34,-58
-24,-64
-12,-88
-28,-92
8,-72
-38,-78
12,-72
4,-56
18,-60
8,-78
-6,-80
12,-58
-30,-86
-10,-72
-26,-90
22,-94
16,-90
-14,-90
-34,-82
16,-100
-26,-70
22,-74
-26,-100
-14,-64
16,-78
18,-68
22,-66
8,-58
-4,-74
20,-56
0,-100
14,-80
6,-98
18,-100
-38,-90
-14,-74
-24,-54
-4,-56
-30,-72
-30,-50
-12,-90
-10,-74
-10,-82
20,-92
-32,-98
-12,-70
28,-88
10,-76
-28,-94
26,-100
4,-70
-16,-78
16,-66
-30,-86
22,-94
-34,-92
-38,-92
6,-80
-42,-94
18,-78
-14,-86
-38,-98
-2,-88
26,-74
-28,-66
-24,-88
6,-68
-32,-76
2,-74
20,-62
20,-72
-32,-98
-30,-86
26,-70
4,-60
20,-68
4,-70
-2,-94
0,-92
-16,-82
-34,-74
0,-64
20,-84
32,-98
-26,-60
-30,-56
-32,-74
-2,-86
-14,-70
-20,-100
4,-88
16,-72
10,-58
-12,-66
26,-84
-36,-100
-18,-82
4,-98
4,-80
-2,-98
10,-92
-2,-64
-24,-64
10,-88
14,-70
-36,-74
-38,-72
-2,-78
-12,-64
22,-66
-32,-64
4,-66
-12,-78
-18,-64
-6,-96
22,-92
26,-80
-24,-62
-40,-82
-34,-82
-6,-66
-18,-62
12,-90
-12,-64
22,-86
8,-92
-8,-94
-32,-66
4,-56
10,-78
12,-86
-14,-52
-4,-92
-38,-80
-38,-98
18,-98
-26,-52
-14,-94
4,-94
-38,-92
-22,-70
8,-74
-30,-100
12,-96
-24,-100
12,-100
-12,-76
-42,-100
24,-64
-8,-80
30,-92
22,-96
-14,-82
8,-72
-16,-86
-22,-74
-2,-82
0,-84
20,-82
-10,-98
6,-86
-42,-92
-12,-66
18,-84
-38,-92
8,-88
28,-74
-38,-82
6,-70
18,-92
16,-96
-40,-82
-22,-78
-16,-100
4,-86
-16,-70
10,-62
-32,-88
-4,-96
10,-94
-18,-62
-28,-64
12,-78
16,-68
-38,-84
-12,-76
-16,-94
30,-84
-16,-66
20,-56
-40,-100
-44,-98
-10,-74
-18,-58
0,-98
-22,-84
-14,-54
-22,-78
-20,-72
-12,-62
-24,-70
-26,-84
14,-66
0,-80
-36,-92
-30,-50
-24,-76
2,-80
-22,-90
-16,-82
-14,-94
14,-90
-30,-80
14,-78
-24,-86
12,-84
24,-82
4,-92
0,-54
-4,-64
6,-88
26,-60
-12,-98
-8,-72
-26,-84
-16,-60
10,-98
-18,-64
-30,-100
-32,-52
0,-78
-24,-70
-12,-74
-22,-70
-34,-58
-32,-72
14,-68
8,-98
-34,-72
2,-72
30,-84
-10,-62
-14,-54
-8,-82
26,-62
-32,-82
-12,-84
20,-82
2,-90
10,-92
-4,-100
14,-80
-20,-66
4,-76
2,-76
8,-74
-32,-98
-22,-68
-24,-94
-20,-56
14,-98
-12,-100
16,-86
-24,-78
-30,-64
-26,-94
-10,-98
2,-76
-34,-70
-10,-66
12,-74
4,-56
10,-62
-22,-66
-26,-72
-16,-100
18,-56
-10,-70
-12,-62
-24,-58
14,-84
-32,-60
12,-86
20,-100
-4,-80
22,-62
12,-62
-12,-56
24,-96
2,-88
-20,-98
-42,-100
8,-98
-2,-88
-16,-58
-26,-82
-40,-96
8,-76
-32,-90
24,-70
0,-96
-28,-60
-12,-64
-36,-62
-26,-52
2,-84
-6,-58
-8,-92
-22,-78
-12,-52
-2,-80
-20,-100
-14,-94
14,-70
-26,-96
-14,-98
0,-56
-16,-60
-26,-88
0,-64
-4,-60
-14,-88
-2,-94
-10,-68
-28,-94
-30,-58
-2,-78
24,-68
6,-98
24,-88
6,-80
-2,-62
-10,-74
-30,-98
14,-70
-8,-82
12,-92
-36,-80
-6,-66
-34,-94
-14,-80
20,-74
-10,-60
-42,-88
14,-94
4,-56
28,-94
-26,-100
10,-72
12,-74
-30,-72
-32,-62
-2,-100
14,-98
-40,-94
8,-96
12,-80
8,-94
-26,-78
-30,-86
16,-100
4,-80
-18,-58
-10,-86
26,-100
-30,-58
-2,-82
-10,-64
0,-90
-40,-92
14,-98
-24,-100
-6,-92
-38,-94
16,-70
14,-78
-30,-50
-6,-88
-4,-78
2,-86
12,-96
-32,-100
-12,-70
-8,-76
28,-72
20,-68
-32,-58
-14,-74
30,-94
10,-80
-32,-90
14,-72
-16,-66
2,-94
-16,-100
-32,-94
-8,-64
6,-86
-26,-90
28,-72
24,-88
-36,-66
4,-56
-10,-74
-8,-76
-12,-54
-14,-56
10,-84
-14,-98
-30,-94
-18,-74
-32,-56
10,-100
-30,-100
4,-90
-40,-92
6,-58
12,-78
14,-60
-22,-54
-18,-66
4,-64
6,-64
6,-100
-26,-66
-24,-56
0,-80
-28,-58
30,-94
18,-78
14,-92
26,-82
14,-82
-20,-94
-22,-90
28,-90
-16,-80
6,-72
-2,-76
-32,-52
26,-80
8,-82
-4,-94
-16,-52
14,-58
28,-84
12,-80
-6,-54
-8,-84
-14,-94
-32,-76
-32,-64
14,-62
-16,-90
-20,-74
6,-100
-26,-74
6,-58
-34,-68
-34,-76
-16,-100
6,-90
-8,-82
26,-100
-32,-50
-10,-84
26,-68
12,-72
-18,-64
12,-60
-18,-62
-40,-100
-20,-96
-26,-64
-12,-66
-2,-82
28,-94
-22,-90
-34,-58
-14,-86
-2,-66
-20,-86
-8,-90
-22,-54
28,-90
12,-56
-18,-52
12,-88
10,-86
-6,-100
-12,-84
4,-92
-28,-94
-20,-90
18,-68
-28,-66
-8,-78
16,-72
-18,-62
22,-82
26,-66
-16,-64
10,-100
-32,-60
-18,-76
-28,-94
-6,-54
6,-96
-34,-88
6,-86
-18,-62
-24,-86
-34,-64
10,-56
-26,-62
-28,-94
-34,-92
-22,-82
-16,-84
-20,-84
2,-86
10,-68
4,-88
-14,-74
-4,-82
8,-58
14,-64
-38,-100
28,-96
-26,-74
-32,-94
22,-82
20,-60
2,-84
-34,-68
-22,-82
-20,-58
20,-74
-20,-74
24,-68
8,-62
-22,-56
4,-98
-36,-86
10,-96
-22,-66
20,-100
2,-96
26,-86
2,-68
-8,-98
-20,-60
-4,-74
-4,-82
20,-90
-34,-62
-22,-92
28,-88
-16,-88
-10,-84
-8,-62
-26,-56
-20,-98
8,-78
-34,-58
-26,-100
22,-78
-34,-78
16,-86
-34,-64
0,-62
-8,-94
-30,-86
12,-88
-28,-100
-30,-68
12,-76
-26,-80
-6,-68
-16,-78
6,-62
-20,-86
-30,-62
-26,-88
-20,-94
6,-66
0,-60
-16,-52
12,-92
-4,-58
-24,-72
-10,-54
4,-54
6,-86
-10,-72
-12,-100
8,-70
-32,-56
16,-96
-4,-84
14,-96
12,-92
28,-80
-14,-100
-4,-76
-12,-96
-4,-80
0,-90
16,-66
-12,-66
28,-100
12,-64
-10,-76
6,-70
10,-100
-8,-70
-6,-68
-14,-96
-36,-88
26,-90
22,-92
-12,-98
10,-80
12,-66
0,-68
-24,-60
-10,-100
0,-58
-34,-100
-22,-68
26,-86
28,-70
14,-98
-44,-98
-36,-78
10,-92
-20,-84
-28,-52
-34,-98
-22,-84
-24,-52
-34,-86
-4,-58
6,-90
-22,-78
16,-100
-8,-88
-14,-100
-30,-72
-4,-72
-42,-100
18,-64
-8,-100
10,-88
-12,-72
16,-80
-36,-70
26,-78
-30,-66
-24,-96
22,-62
4,-60
6,-68
-18,-74
18,-74
6,-70
-38,-96
-2,-76
-22,-96
-12,-56
-26,-76
-26,-84
6,-64
-36,-94
-30,-66
18,-62
-14,-68
-14,-76
-12,-94
68,61,1037
68,62
88,30
36,46
64,78
92,30
86,32
54,96
62,34
94,88
74,88
98,58
40,54
58,52
74,92
90,88
50,82
88,36
40,32
76,82
82,72
78,38
40,68
36,50
38,48
48,70
48,50
94,68
72,48
80,70
86,50
48,38
64,94
70,34
88,90
50,54
50,96
60,64
48,88
46,88
50,62
64,44
98,70
52,38
78,62
54,46
62,48
68,98
44,98
92,80
50,44
68,68
80,38
80,62
52,46
70,40
98,96
78,66
36,40
78,90
98,76
46,36
44,86
86,48
56,34
46,58
78,94
64,96
74,68
52,48
98,46
72,96
54,86
80,34
96,94
66,50
70,48
52,80
40,62
74,48
72,70
98,72
78,66
84,90
88,60
42,56
48,70
86,66
44,72
94,60
84,34
64,82
72,96
64,68
84,66
78,94
50,68
60,32
52,34
98,66
72,58
36,50
68,54
54,36
52,72
80,66
94,68
60,38
86,84
46,34
66,42
52,84
88,94
78,94
68,42
96,56
96,68
76,44
74,58
80,54
70,84
60,40
90,98
66,74
54,40
58,62
90,90
98,32
38,50
56,92
46,68
60,48
60,94
48,66
90,74
90,30
92,42
82,68
98,56
56,30
66,98
88,80
48,50
70,72
42,78
68,62
84,40
64,62
42,60
66,84
48,44
92,40
98,48
78,46
64,66
50,58
94,64
90,42
38,52
98,82
98,62
64,44
60,52
58,84
72,52
84,76
62,52
72,84
56,62
92,68
50,96
62,30
78,42
66,86
42,38
52,74
54,52
94,38
68,64
50,82
60,96
52,38
84,58
96,68
66,48
98,80
78,76
80,88
52,32
56,34
94,52
76,88
76,68
96,78
98,66
96,30
36,44
74,66
42,32
42,62
66,78
84,94
60,64
76,34
92,76
50,36
72,56
78,66
68,46
50,44
78,38
92,50
40,48
54,80
44,58
64,36
96,62
46,94
56,78
44,44
92,92
92,90
68,76
60,54
66,52
86,78
66,30
58,38
42,56
88,66
72,38
64,70
78,32
86,90
80,76
84,30
62,84
56,54
84,66
58,56
44,78
60,74
90,40
70,38
52,48
60,60
84,66
50,34
62,50
94,42
72,32
64,40
52,96
72,84
62,54
82,30
44,34
74,80
88,32
52,82
86,34
40,46
74,42
90,84
84,78
62,32
48,32
76,80
66,42
60,60
78,40
78,34
46,96
70,98
88,76
74,94
48,48
34,46
80,34
74,54
96,40
86,48
64,46
96,98
54,62
76,32
76,38
56,52
44,82
72,52
78,74
72,30
60,40
94,72
44,80
78,56
62,34
58,70
86,36
60,90
68,78
58,80
68,82
90,42
92,80
62,96
36,44
34,44
54,58
62,56
38,58
40,68
40,36
92,78
60,44
52,92
88,78
54,32
72,96
74,66
68,82
78,62
40,42
78,72
66,62
72,36
56,46
48,64
84,54
54,48
96,42
88,92
72,96
44,88
68,34
90,82
72,54
98,32
98,72
40,34
80,64
46,90
70,46
84,36
86,86
80,84
42,36
94,98
90,78
78,78
92,62
42,34
46,86
60,36
76,90
42,30
76,30
70,92
40,32
44,74
74,62
66,60
56,66
80,80
66,42
58,38
84,46
86,44
96,40
60,72
90,86
60,92
90,62
82,82
80,32
48,36
66,56
86,84
76,82
74,58
80,34
52,98
84,36
84,66
38,54
98,36
66,88
82,86
88,86
86,64
42,56
84,52
86,60
72,38
96,78
48,68
44,34
52,74
42,80
52,56
60,72
52,38
72,42
60,60
62,78
72,52
80,62
40,74
62,30
46,48
60,68
40,58
62,64
64,94
62,94
66,60
98,30
36,40
96,70
86,60
42,60
44,82
56,88
72,32
68,38
62,60
36,54
74,62
82,62
98,50
44,86
50,98
46,72
48,88
62,30
36,44
98,44
90,38
72,78
40,58
70,30
98,68
54,76
92,70
48,72
54,34
68,76
36,46
78,84
92,82
60,42
94,84
98,94
70,94
38,40
56,42
56,72
62,78
68,98
48,50
80,78
90,50
90,78
42,86
44,54
74,40
96,50
44,50
62,76
80,64
90,80
72,50
48,30
44,58
56,72
64,96
62,42
88,72
92,72
88,34
64,94
70,64
98,58
84,52
72,94
94,50
38,50
76,72
74,40
94,60
90,64
88,74
86,90
78,98
64,42
50,34
60,48
46,38
48,64
78,56
74,88
60,60
50,48
42,36
96,86
86,98
60,66
86,86
86,98
50,74
38,66
72,68
68,52
52,30
68,62
90,84
74,58
40,38
40,38
90,94
76,88
94,38
62,52
86,42
60,84
82,60
44,98
44,72
62,92
42,76
68,96
52,76
56,36
84,32
84,78
64,44
54,94
58,80
56,38
76,44
66,52
80,60
88,74
96,80
96,30
62,70
48,32
70,80
50,94
52,74
42,34
60,64
90,42
44,98
60,38
86,92
88,52
82,62
66,86
98,66
48,30
90,90
56,38
76,52
74,60
54,50
86,86
70,34
88,88
66,80
90,58
48,82
44,40
96,42
40,50
52,98
68,42
50,44
58,46
38,42
76,42
92,40
46,72
98,72
90,56
60,42
78,60
90,36
64,88
86,36
58,86
68,88
80,30
38,52
78,74
60,40
86,84
76,38
52,76
58,46
42,80
64,54
76,38
40,40
62,66
66,84
64,92
86,42
74,96
88,64
46,68
56,56
66,46
96,78
50,70
64,40
98,38
92,62
60,46
94,92
56,88
84,84
96,46
72,98
56,38
98,80
74,62
64,52
88,94
38,36
58,52
82,44
82,86
68,98
62,54
64,38
82,80
56,52
68,88
68,52
68,76
92,62
80,52
62,78
72,92
86,52
68,32
88,84
66,96
94,50
52,64
50,72
78,50
76,78
66,96
94,76
70,32
82,34
48,60
80,38
74,94
50,30
98,34
88,62
70,36
88,44
86,52
92,56
38,56
74,76
78,30
74,34
92,98
92,68
86,90
46,48
70,44
78,86
94,58
92,86
48,66
86,34
88,80
96,38
88,70
38,54
44,80
44,96
66,36
58,30
92,40
92,44
54,48
58,44
66,56
92,38
48,66
48,34
96,98
46,88
70,82
40,34
68,56
88,30
68,50
84,92
72,78
34,46
44,88
84,64
48,90
58,36
86,64
34,46
82,78
40,34
64,44
40,68
64,74
52,52
46,94
56,60
78,96
66,36
82,66
66,52
56,46
42,34
84,46
50,56
44,78
52,40
54,30
44,82
98,38
84,92
78,46
50,78
48,42
62,90
40,58
70,88
88,94
86,42
72,94
44,42
40,48
94,70
60,62
40,38
62,82
64,48
54,80
44,34
92,82
98,42
74,66
62,92
86,44
80,34
60,96
86,86
46,46
82,80
84,34
62,96
96,88
72,68
54,30
82,76
56,98
42,36
54,38
64,54
40,78
72,56
56,48
58,50
68,82
96,32
58,86
48,82
48,94
56,66
88,82
78,44
86,52
44,44
72,38
74,50
70,70
66,40
86,90
82,66
56,84
84,60
74,60
70,78
88,66
52,36
54,52
58,60
76,34
52,32
80,40
80,80
60,62
98,46
96,98
52,74
72,36
68,64
58,40
96,32
60,50
86,74
74,48
60,96
70,54
58,42
84,96
94,76
96,36
40,72
70,64
66,44
88,96
68,52
42,50
68,76
78,60
44,44
84,84
58,78
60,84
80,64
82,66
98,98
76,42
56,46
58,50
56,30
56,90
94,36
50,56
40,42
56,76
60,38
78,46
42,60
82,50
50,30
96,76
86,80
84,42
72,52
46,92
56,48
80,82
44,78
54,84
52,92
96,46
98,60
50,84
88,66
60,32
40,72
70,54
76,32
92,66
50,90
82,74
66,74
62,66
98,64
82,64
42,82
80,90
74,50
76,38
46,84
44,86
70,88
62,52
62,86
72,92
80,44
68,84
58,48
48,36
86,68
58,94
54,38
82,48
84,72
80,34
92,76
94,90
90,40
34,42
96,78
76,78
44,74
48,38
86,56
78,82
98,60
84,30
58,40
70,74
92,94
72,92
48,78
64,36
54,50
76,30
96,48
58,54
90,84
68,84
80,38
74,46
96,88
76,72
52,66
76,60
76,46
48,68
84,86
58,76
80,60
60,38
48,60
70,52
50,68
86,40
46,66
96,30
70,50
58,52
94,52
78,52
78,42
56,36
46,66
98,94
74,70
86,46
40,68
52,66
96,50
80,82
48,32
66,40
58,86
86,34
78,74
70,92
86,64
52,92
52,38
94,70
42,60
92,30
54,40
66,44
92,96
58,64
98,76
62,74
98,98
44,68
64,68
70,68
52,58
56,74
58,96
68,74
50,46
62,38
88,76
88,44
64,92
60,62
84,64
80,32
92,76
40,78
38,36
58,84
84,32
82,66
74,70
68,62
60,98
78,64
88,94
72,58
72,98
62,60
52,82
88,70
74,66
62,78
96,50
44,68
74,58
84,58
60,68
98,58
52,86
98,44
80,76
80,72
96,68
72,32
56,30
72,54
64,36
36,42
78,34
58,66
46,86
72,82
74,64
50,48
44,52
62,34
60,36
42,58
62,44
46,78
56,36
98,94
50,90
66,48
54,74
-69,4,1065
-42,-22
-48,-14
-92,-26
-52,-4
-54,10
-36,-8
-44,0
-64,2
-58,2
-44,-18
-62,-12
-70,34
-42,-28
-90,-24
-86,30
-74,12
-72,-6
-66,-22
-94,-10
-100,-8
-96,-18
-94,4
-46,4
-98,10
-78,14
-48,8
-68,-24
-56,32
-94,30
-90,-22
-62,14
-72,-18
-88,26
-60,12
-98,32
-38,-6
-54,-8
-72,-18
-50,30
-94,26
-64,10
-64,-6
-74,-8
-36,10
-86,10
-54,-20
-96,20
-74,2
-92,-22
-70,30
-82,-4
-44,30
-80,14
-98,28
-52,-16
-56,-14
-94,30
-98,32
-92,18
-36,16
-94,30
-68,28
-54,30
-52,2
-40,24
-78,-22
-92,12
-90,28
-40,-14
-54,18
-48,8
-62,28
-42,14
-56,20
-90,30
-86,-2
-86,18
-42,-18
-56,10
-80,8
-38,6
-92,6
-70,-10
-44,30
-84,-8
-82,34
-74,30
-80,-20
-90,20
-46,2
-96,-24
-84,24
-38,12
-50,-4
-68,-18
-96,-6
-66,-6
-84,-24
-96,-24
-38,2
-36,16
-98,4
-96,-28
-46,-26
-94,4
-66,12
-62,18
-48,-12
-82,-2
-76,4
-84,-28
-40,-12
-84,30
-84,28
-86,34
-72,20
-82,-14
-82,2
-56,-8
-64,-26
-74,-18
-84,30
-94,0
-94,-24
-62,-22
-70,-12
-78,8
-84,14
-78,-28
-96,-24
-78,-4
-98,28
-98,-6
-56,18
-98,30
-98,16
-90,28
-62,-10
-52,28
-36,-12
-84,36
-54,12
-72,30
-82,-8
-92,-18
-58,30
-70,36
-64,18
-42,-26
-58,-4
-52,-6
-56,-26
-74,24
-52,34
-48,22
-94,32
-64,-24
-44,-4
-52,-14
-76,18
-50,-2
-86,-4
-92,12
-94,-16
-68,36
-64,-12
-94,4
-52,-10
-90,-20
-72,-18
-46,10
-68,6
-98,14
-72,32
-80,36
-64,18
-88,34
-84,34
-84,22
-80,-4
-92,-20
-58,-12
-46,2
-62,-18
-46,-28
-92,-10
-100,36
-86,26
-78,-4
-92,12
-88,28
-50,18
-72,-20
-42,-4
-100,14
-64,28
-54,0
-100,-2
-46,14
-80,26
-76,14
-54,14
-60,-6
-54,-8
-46,-24
-44,-10
-76,8
-68,36
-100,12
-74,-8
-36,10
-82,2
-94,24
-76,16
-80,-6
-68,34
-58,8
-78,32
-84,8
-56,34
-56,-16
-70,0
-50,30
-80,30
-86,10
-42,-2
-94,-26
-58,-24
-80,-6
-36,16
-92,4
-72,-20
-38,10
-64,-20
-64,34
-100,34
-94,30
-82,12
-76,-6
-42,10
-64,-10
-74,34
-38,14
-84,-18
-98,-16
-80,26
-70,12
-86,24
-82,24
-94,-12
-40,26
-96,34
-88,34
-48,18
-38,24
-40,0
-72,8
-58,4
-62,-4
-46,4
-42,-8
-76,-2
-90,-2
-54,-12
-84,2
-56,-22
-92,32
-44,34
-78,24
-68,10
-72,-18
-88,12
-90,-22
-60,-20
-94,16
-72,-18
-98,8
-54,32
-82,12
-76,-22
-72,-4
-100,-22
-84,6
-78,-18
-42,10
-100,24
-44,28
-88,14
-80,-16
-84,12
-98,-26
-46,12
-100,-24
-50,-24
-94,-26
-66,-10
-78,4
-66,0
-38,4
-78,22
-64,-8
-88,0
-86,36
-66,-14
-92,18
-80,-2
-98,36
-50,4
-100,-28
-94,-28
-78,24
-84,26
-58,-10
-66,6
-96,-12
-56,24
-68,22
-40,-6
-40,-6
-78,34
-44,6
-92,16
-56,28
-42,8
-50,14
-76,-2
-80,-20
-64,24
-36,14
-44,0
-94,10
-50,30
-52,-4
-98,20
-70,36
-40,28
-74,20
-50,-26
-72,-26
-48,6
-86,4
-100,-22
-70,-28
-60,-6
-54,8
-64,28
-100,-26
-96,-22
-56,16
-56,18
-46,-8
-70,14
-80,-24
-84,-4
-48,-10
-40,-6
-52,28
-54,-22
-62,2
-54,14
-86,10
-88,26
-56,8
-72,2
-58,6
-88,16
-50,-6
-100,18
-96,22
-58,6
-98,14
-74,-4
-92,16
-62,4
-94,-16
-74,-10
-62,10
-64,18
-42,8
-38,6
-62,0
-90,-24
-70,8
-92,-28
-88,-2
-62,-2
-60,-6
-86,12
-86,6
-100,16
-76,-6
-40,22
-58,-18
-92,18
-74,28
-54,10
-52,-18
-44,8
-76,-20
-52,8
-68,30
-66,-4
-88,32
-40,6
-100,-24
-96,-4
-72,16
-46,12
-76,4
-54,-16
-56,24
-60,16
-64,-24
-92,12
-56,30
-92,-22
-46,8
-44,18
-70,-26
-94,20
-38,24
-92,-28
-54,-2
-72,-28
-60,-10
-76,0
-86,36
-100,-8
-70,4
-62,4
-44,-24
-76,4
-54,14
-98,16
-40,-22
-54,26
-48,-22
-58,14
-86,18
-96,-10
-96,18
-100,18
-56,-28
-40,14
-68,-14
-70,30
-72,18
-54,22
-70,2
-84,10
-56,2
-46,-6
-72,4
-92,-16
-46,24
-54,2
-82,28
-58,-22
-86,8
-98,36
-100,16
-88,14
-88,-8
-96,-12
-60,26
-96,24
-42,-16
-96,-20
-80,12
-78,-22
-88,-18
-96,-24
-74,0
-54,20
-98,-24
-74,20
-92,10
-46,34
-82,-14
-86,28
-88,34
-60,14
-70,-4
-88,18
-80,-8
-50,6
-96,-10
-58,-16
-80,18
-98,22
-76,28
-42,-18
-96,2
-78,10
-56,10
-58,26
-88,36
-52,30
-84,36
-86,24
-52,-22
-62,-20
-100,12
-68,-16
-80,22
-56,-10
-38,-14
-92,16
-62,6
-80,30
-96,-12
-40,6
-50,-6
-56,16
-76,28
-60,30
-80,-10
-72,10
-98,-26
-44,-12
-56,-4
-88,-6
-78,-2
-98,-16
-34,-6
-68,26
-40,-16
-90,32
-92,36
-46,28
-62,34
-46,-20
-46,8
-72,12
-100,38
-40,-22
-72,0
-72,24
-66,-18
-64,14
-74,34
-64,-8
-46,-22
-94,-12
-76,20
-62,-22
-42,-2
-58,18
-68,14
-36,2
-44,4
-80,-14
-74,-16
-66,16
-96,8
-64,-2
-98,4
-38,2
-88,14
-38,0
-64,-22
-76,36
-70,20
-48,-10
-68,-24
-58,26
-68,26
-88,16
-94,-28
-42,-18
-76,30
-36,16
-58,12
-50,16
-52,20
-72,26
-94,32
-40,30
-70,-8
-98,22
-58,0
-86,4
-92,12
-56,16
-92,-10
-88,16
-46,32
-42,24
-54,-26
-90,18
-52,26
-76,30
-88,-8
-62,24
-62,-24
-84,22
-60,-2
-66,-18
-36,-4
-64,-24
-42,-14
-88,12
-88,4
-72,-4
-50,34
-76,14
-90,-6
-54,-20
-50,-4
-66,-14
-88,-18
-50,-14
-80,34
-58,28
-100,16
-94,22
-62,14
-72,-10
-52,8
-100,8
-100,28
-76,20
-42,30
-82,16
-40,-20
-80,-26
-68,28
-44,-28
-50,26
-40,12
-72,-22
-34,-8
-64,-28
-98,8
-66,-4
-70,-24
-72,20
-72,4
-70,2
-48,16
-50,28
-42,-4
-100,4
-60,8
-72,12
-82,-12
-40,-14
-98,28
-72,30
-80,4
-84,2
-66,34
-90,-18
-84,30
-42,-20
-88,-20
-80,6
-44,4
-78,30
-44,2
-82,24
-68,-28
-72,-22
-64,-4
-76,30
-58,-28
-84,2
-66,18
-62,26
-66,22
-86,8
-68,-8
-60,28
-64,4
-56,28
-58,14
-34,8
-92,-6
-66,-8
-66,6
-66,-28
-56,-26
-78,-2
-44,32
-42,-12
-64,-10
-96,10
-100,-8
-96,-24
-92,14
-50,-22
-86,24
-80,-20
-42,24
-80,20
-92,30
-48,-10
-44,20
-72,34
-36,-10
-52,28
-72,10
-34,6
-56,-14
-60,24
-42,-18
-88,12
-52,-20
-90,2
-66,-10
-62,10
-76,14
-100,8
-80,16
-88,-2
-72,14
-86,-22
-78,-16
-60,-16
-86,2
-58,4
-90,18
-54,-18
-60,10
-96,36
-56,6
-86,26
-86,10
-78,6
-100,-4
-42,6
-66,8
-60,18
-38,0
-78,-2
-72,12
-96,28
-72,12
-88,4
-48,-26
-44,2
-38,20
-72,-10
-72,32
-80,24
-82,-22
-54,20
-48,20
-88,-2
-66,4
-94,12
-52,-26
-58,26
-66,10
-62,-22
-40,28
-60,28
-94,-24
-66,-18
-34,8
-58,6
-78,2
-88,-18
-76,22
-88,28
-84,-4
-68,8
-92,-18
-74,34
-72,-26
-44,-8
-82,-20
-78,18
-98,-10
-80,-26
-70,-4
-48,26
-56,2
-88,8
-38,-2
-90,16
-36,8
-86,2
-94,30
-60,-28
-56,32
-74,32
-34,2
-86,10
-46,-12
-48,-22
-100,8
-42,30
-46,-28
-80,14
-74,6
-38,22
-86,22
-72,-12
-70,28
-72,34
-88,-2
-80,34
-98,26
-64,6
-70,6
-42,6
-40,-14
-62,-8
-60,32
-90,20
-44,-14
-92,-8
-100,28
-72,10
-48,6
-90,-16
-58,4
-48,30
-34,4
-52,10
-66,4
-100,28
-34,4
-48,22
-54,30
-86,14
-52,2
-90,4
-70,-22
-98,32
-82,8
-86,-6
-44,6
-48,-4
-42,-26
-70,36
-40,2
-80,32
-68,18
-44,-16
-38,0
-36,-2
-94,-6
-36,-6
-94,26
-58,-20
-44,-28
-68,10
-70,-6
-52,28
-90,-28
-94,24
-70,20
-90,8
-54,34
-90,32
-64,12
-80,-20
-74,28
-40,22
-76,14
-86,-22
-48,-22
-58,-20
-64,18
-54,0
-98,-24
-46,34
-84,34
-92,-8
-42,26
-96,-18
-82,30
-48,10
-44,-2
-72,10
-98,-16
-54,24
-64,24
-56,4
-56,-22
-96,-6
-100,38
-64,-12
-46,0
-54,-22
-66,26
-82,8
-76,36
-42,-22
-100,-8
-82,-16
-88,-10
-90,8
-36,18
-94,-14
-66,14
-66,2
-88,-4
-78,14
-62,-26
-44,-20
-58,-12
-94,-28
-84,18
-80,-2
-100,-18
-38,2
-66,8
-78,36
-76,0
-38,10
-90,14
-78,0
-74,-10
-60,-8
-58,26
-52,-22
-52,24
-44,4
-82,-10
-90,10
-88,10
-46,22
-70,-26
-62,-28
-68,-26
-70,-24
-100,6
-96,-6
-64,-26
-42,-14
-88,6
-40,-16
-54,24
-100,2
-50,-22
-46,-2
-64,8
-76,16
-68,30
-100,-22
-78,-26
-80,-18
-76,-22
-34,10
-80,-8
-82,30
-56,34
-62,-22
-96,-10
-96,26
-76,22
-72,-20
-90,28
-46,-28
-42,-8
-46,4
-64,14
-72,32
-48,30
-90,-8
-58,-4
-50,24
-58,-10
-62,-24
-82,-4
-40,22
-62,-18
-88,-20
-88,-4
-84,-20
-40,2
-92,8
-40,-18
-48,-2
-74,6
-72,36
-68,-10
-96,-4
-50,-24
-66,-18
-78,20
-50,20
-40,14
-72,-2
-76,-20
-64,12
-50,18
-74,10
-44,32
-64,-20
-92,28
-74,-22
-50,-16
-42,28
-72,-28
-88,18
-62,20
-74,10
-74,-2
-76,-8
-56,18
-36,16
-58,-14
-52,6
-46,28
-98,26
-44,-10
-64,10
-86,12
-78,8
-92,-18
-50,-26
-60,34
-66,8
-94,30
-48,8
-88,28
-98,36
-68,-8
-100,-26
-74,-2
-90,36
-98,-2
-74,8
-62,-16
-54,-22
-42,-14
-66,-4
-42,4
-58,-20
-36,-2
-66,-8
-48,-20
-98,18
-62,-14
-44,-12
-46,-4
-94,22
-90,24
-62,14
-44,-2
-74,34
-40,8
-44,8
-70,30
-36,-2
-74,-10
-54,-28
-44,-20
-62,-2
-56,4
-52,4
-90,36
-92,36
-76,-22
-86,14
-94,-4
-82,34
-64,-2
-96,-18
-96,4
-78,28
7,73,912
-8,60
24,78
-16,52
0,68
32,64
28,98
32,98
10,62
4,54
16,46
-10,64
-26,60
28,62
-8,52
8,94
34,74
14,62
36,70
-22,64
24,70
32,80
2,64
32,74
-22,68
-16,62
-16,54
-10,98
-28,92
-8,68
24,46
-2,84
4,86
-16,90
-10,78
16,86
-20,52
2,60
26,82
-2,56
-10,96
26,86
-4,86
26,54
8,66
-2,90
18,98
38,72
32,64
6,76
4,88
-6,66
-24,82
0,64
8,86
6,72
-8,60
28,80
2,90
-22,80
12,84
-6,60
-26,94
-30,96
-10,68
14,52
-2,64
-6,58
6,74
28,90
32,90
8,54
-24,58
18,76
40,86
-12,86
20,82
-4,76
4,96
-10,68
26,84
34,62
22,90
-10,52
24,86
10,72
34,52
40,98
-2,96
-26,84
-12,58
18,84
32,86
14,78
4,84
30,96
32,82
34,62
-2,82
-10,88
30,98
22,82
-18,64
30,60
14,94
-28,64
-14,86
6,96
2,50
28,86
28,56
-16,52
-26,90
10,84
-26,94
-24,78
0,96
42,94
-22,62
-14,74
-10,56
-16,60
8,84
40,96
2,98
4,56
26,64
6,68
14,72
16,70
-4,92
14,96
24,94
-14,62
16,48
-8,86
20,76
34,52
30,64
-8,68
32,74
34,58
4,76
10,66
4,98
14,50
26,56
-26,88
-20,72
-16,62
4,80
12,66
18,80
14,54
26,72
20,60
14,76
-12,84
0,48
28,64
18,58
-2,84
30,94
-22,60
38,84
-20,92
-8,54
18,84
16,50
4,64
36,82
28,50
22,94
-20,54
-2,56
-14,56
0,72
8,92
18,58
-12,84
-12,74
-24,72
10,50
6,62
12,90
-22,70
28,88
-8,58
26,88
34,84
-28,68
30,90
-4,54
24,78
20,62
-6,68
-20,60
18,60
-12,50
18,50
36,90
14,72
30,60
12,98
14,76
-4,68
14,74
24,76
8,58
-6,50
-18,96
10,96
22,90
24,98
-22,76
-4,72
36,68
-20,60
6,70
26,50
20,88
-6,66
8,76
8,58
-10,64
14,96
4,64
-16,62
-24,84
-12,88
20,52
28,58
32,70
-4,80
10,58
28,64
34,96
14,60
14,72
42,92
20,66
12,64
-6,76
-6,76
10,94
-8,94
-22,74
28,76
14,74
18,58
38,74
24,78
-16,62
2,54
-2,92
20,68
40,94
30,84
-2,76
22,92
10,52
-16,74
28,80
2,66
16,96
30,46
14,78
14,60
-24,70
-20,54
-2,68
-24,88
8,52
30,56
-12,72
-28,98
-20,78
-26,86
18,64
16,52
18,88
-20,80
24,64
10,58
30,76
18,72
8,48
-22,90
22,90
12,96
22,74
-12,88
36,64
-24,58
32,76
6,72
0,82
4,68
-6,50
-22,92
38,96
-26,88
-14,84
0,68
-28,96
0,52
36,60
18,58
-14,54
34,96
-26,74
34,82
30,88
34,96
-12,70
28,68
2,60
8,48
32,66
4,62
-20,70
14,98
-24,86
26,94
18,52
-2,86
20,86
-6,58
12,90
-26,58
-4,82
-18,90
-6,92
-26,80
4,48
-6,62
36,76
26,78
-16,96
30,80
16,86
22,46
6,52
20,74
-12,52
-6,50
32,90
-8,56
18,96
14,66
-6,52
-8,56
-20,70
4,70
30,86
10,58
32,90
10,96
2,64
-14,90
-14,52
34,78
-14,74
40,84
0,98
-28,92
30,44
14,74
18,50
32,48
-14,68
8,78
32,88
6,92
20,94
26,62
10,58
38,72
22,62
8,62
-20,98
32,58
-26,70
-20,68
6,54
28,96
26,76
-16,86
40,88
16,62
-2,52
-10,98
34,66
40,86
-10,50
-26,64
-6,78
-18,82
4,96
14,90
36,90
-14,64
28,94
-24,94
32,88
18,74
20,84
34,94
20,72
-2,64
-20,54
6,98
4,92
16,68
-8,80
2,98
24,68
28,80
-6,68
36,74
-24,78
30,72
-22,72
26,62
20,46
2,82
-20,54
26,68
4,54
34,56
28,86
42,94
-2,96
10,82
-26,56
-22,88
-18,84
30,76
-12,88
8,84
22,64
2,54
20,60
8,72
32,46
-4,98
4,76
36,68
36,82
24,46
28,48
28,78
14,84
-12,98
2,58
22,64
6,56
36,76
12,84
-6,62
-22,86
24,56
-18,96
-6,90
22,88
-2,66
-14,92
12,52
-6,54
8,72
26,90
-18,90
32,82
-30,98
22,58
-16,82
-16,68
22,96
20,70
16,98
-8,68
34,90
6,54
-18,60
-14,52
-22,58
18,50
16,86
36,96
4,56
40,98
20,60
30,48
24,82
-26,78
4,50
22,98
-4,88
-28,68
20,92
0,60
-20,88
28,72
10,52
-4,98
26,58
26,66
12,68
-10,50
24,74
24,52
-6,76
-20,60
36,76
34,82
12,82
4,62
-18,64
-6,74
14,92
28,78
24,56
-4,92
30,80
-24,96
0,82
0,66
10,92
20,50
24,74
-28,80
18,74
24,82
40,94
-16,54
-8,76
-4,74
18,76
-4,58
-8,78
-4,58
20,48
14,94
32,66
42,90
32,78
-4,60
20,62
-12,54
14,86
16,58
18,48
36,82
22,58
4,72
28,78
22,58
4,78
20,72
-28,98
42,92
10,78
6,64
-22,80
6,88
-8,86
-16,98
18,78
30,88
-22,64
-24,78
-26,78
28,94
-12,72
-8,96
0,70
4,78
-4,74
30,64
34,54
10,94
6,72
28,96
-24,58
-28,74
2,48
-24,66
2,72
-28,88
32,78
-6,56
0,58
0,92
20,68
34,68
32,86
32,46
38,74
32,50
8,78
20,70
0,86
-28,92
20,50
6,66
6,62
2,64
26,82
24,92
-2,62
-22,60
30,56
32,74
8,52
34,54
-12,76
12,98
-14,52
10,66
10,80
34,90
14,86
4,88
-14,62
-4,80
-18,64
32,48
12,48
28,52
12,68
-22,66
28,58
12,72
30,72
-22,86
-10,90
-4,58
-26,68
10,60
-10,56
32,56
38,96
26,48
20,68
-18,82
20,68
16,52
30,66
34,74
14,60
-10,72
28,76
-22,88
8,54
4,94
42,92
-14,50
8,86
28,96
-24,56
4,48
18,62
12,84
2,98
20,60
14,62
-6,62
-14,94
-18,54
16,72
-14,74
12,56
-10,82
26,72
-28,64
2,96
14,96
30,62
16,80
22,88
0,88
18,90
-8,62
38,74
18,56
-12,68
32,70
8,66
38,86
22,90
36,92
12,62
20,84
-26,94
-14,92
18,88
6,68
26,52
14,88
32,74
-6,84
42,92
16,94
-14,98
10,52
4,64
-8,78
16,62
-18,80
-24,64
-26,52
-14,80
-20,66
2,90
24,68
10,98
-8,82
18,76
-8,68
-10,72
-26,92
22,82
-26,98
24,62
36,66
6,84
0,96
26,96
-26,84
0,82
12,54
-12,60
14,92
-6,58
-14,88
16,90
28,64
-8,98
12,70
16,46
-10,84
-16,60
-20,54
14,72
4,90
22,70
14,50
38,96
28,90
18,58
26,74
30,74
-2,84
28,46
-18,60
20,80
40,84
-2,74
-6,58
8,70
34,96
36,90
14,72
-28,74
6,52
-26,62
-22,90
-16,72
-28,64
-28,84
-20,92
-26,96
0,54
-24,64
36,84
4,78
-28,86
-10,94
34,58
32,64
-16,72
2,64
26,52
40,94
-14,74
34,70
-14,90
-6,50
-24,52
6,68
28,72
-12,64
10,82
-28,88
0,60
-24,56
-18,98
-10,84
14,86
22,88
26,94
24,96
42,92
34,82
4,70
20,80
34,74
6,64
30,54
10,54
34,86
-24,72
34,62
6,48
24,56
28,62
10,70
42,92
18,50
8,70
30,74
-22,84
12,96
14,64
-4,74
-6,68
18,74
-22,80
12,52
-10,82
0,94
14,92
0,54
20,82
32,76
14,78
-28,66
2,86
26,66
22,76
36,82
-14,82
-18,82
-24,64
16,88
24,76
-8,70
20,58
20,64
22,70
-14,64
-4,56
36,88
12,56
20,88
2,72
14,64
-24,54
26,74
24,94
-28,90
-10,84
-8,62
8,60
-14,84
-10,88
-30,92
18,68
30,90
-16,94
8,92
-2,94
18,52
28,74
40,84
18,98
0,56
26,78
20,88
26,62
22,88
26,68
-12,72
28,58
-20,78
-24,94
-24,72
-2,88
-20,64
-14,88
22,84
28,86
28,94
18,92
30,48
18,60
34,90
28,68
-2,72
-30,88
10,80
-12,86
38,88
-18,90
20,56
18,58
-26,84
-20,90
-16,72
22,72
2,92
24,50
0,72
0,22,901
28,2
26,24
28,24
34,26
-22,4
34,18
28,32
-30,4
-16,12
-6,24
-12,10
40,28
20,44
28,38
-34,16
-2,16
-24,28
-18,40
6,26
12,40
28,20
-2,8
36,26
-8,20
-24,48
-20,26
18,18
32,22
-10,20
36,32
18,4
34,38
-12,2
22,0
-30,36
-4,14
-24,28
-38,36
2,26
20,14
-24,34
6,32
24,32
-12,4
-36,24
2,44
24,8
-12,2
-22,20
2,2
-30,42
-16,46
6,32
32,16
14,-2
-18,8
-6,40
-4,6
18,44
10,22
-32,36
26,2
-30,28
-18,0
-12,4
-14,30
34,28
8,38
-22,28
-26,36
0,4
-22,-2
-26,6
32,12
-18,20
8,4
30,16
4,12
4,0
24,26
28,20
38,34
-24,48
-28,38
24,6
-8,34
-2,-2
12,42
-2,24
2,42
-32,38
22,44
-10,4
-4,14
-20,50
-18,30
-6,34
34,10
20,-2
-20,24
10,46
24,16
-30,18
6,22
-8,46
-30,38
0,44
16,40
34,38
-22,50
-16,48
-18,6
10,12
32,32
-18,18
8,28
-22,32
4,2
36,18
-2,30
-6,16
18,38
22,28
6,30
4,4
10,38
14,-2
20,42
-28,50
24,8
-32,4
-28,36
14,22
10,6
-16,2
-12,12
26,20
-18,50
2,26
0,24
-30,46
-34,20
26,4
-14,12
-6,26
-22,26
30,38
36,36
-30,4
-8,22
-34,38
18,12
26,28
-28,14
-14,24
14,36
-12,8
24,32
-6,14
4,0
-28,36
32,14
-34,36
-22,10
26,-2
-16,14
-32,40
32,20
-20,18
0,28
6,0
32,22
-8,46
-26,40
28,22
24,2
2,42
10,42
38,28
4,-2
14,42
14,6
4,38
30,10
-22,2
-10,20
24,32
-18,44
8,44
-30,26
6,22
-14,38
-16,6
0,44
-30,26
-30,24
-8,14
14,14
-28,0
38,34
2,14
-32,20
30,0
-32,24
-22,22
28,40
0,38
-24,48
-12,40
-28,4
-18,30
12,26
8,40
-4,48
34,38
6,42
-30,16
22,26
-24,18
28,30
-22,6
24,28
6,26
-2,12
16,0
-30,0
20,30
2,24
-24,40
8,4
26,34
2,2
10,2
-28,2
-10,20
-8,20
-14,32
32,26
10,46
-12,16
32,10
8,12
-26,26
-4,44
22,4
12,26
14,30
32,30
12,46
-30,28
20,0
20,36
16,44
-36,34
-2,6
28,16
-26,18
-8,0
14,0
30,2
-16,32
34,34
-24,28
20,6
-22,10
-12,20
-30,42
12,26
34,12
22,10
-18,10
20,2
-4,28
-34,20
0,30
-4,2
32,18
-32,42
10,-2
16,4
30,36
-32,22
20,44
-8,28
-18,40
-2,26
20,38
18,32
22,14
-22,34
-6,2
-2,4
-14,0
-30,22
32,10
-2,2
-4,40
20,2
10,28
32,32
-32,24
12,8
0,12
-36,40
24,22
20,32
28,40
-12,42
26,18
28,-2
0,40
22,6
-10,42
-4,30
-12,14
-18,48
-10,20
14,32
-8,6
10,40
-30,28
-34,12
-10,8
18,32
2,-2
8,36
4,42
-4,14
-6,38
-28,40
-24,10
16,24
-2,22
30,22
-32,22
6,30
8,44
22,22
-26,40
18,28
-2,2
28,0
30,34
8,30
-36,24
6,44
8,38
-20,50
-6,26
-22,26
20,24
-22,20
-28,30
4,6
-18,10
-28,36
26,8
12,34
-20,38
26,16
0,46
-20,24
-2,46
20,-2
20,14
-34,38
-10,28
8,38
34,36
-14,18
-30,-2
-24,26
14,6
-6,6
32,6
4,20
8,40
-16,26
6,16
-24,20
16,44
22,22
30,4
-20,46
2,18
-14,18
-2,22
-26,44
-22,0
-22,16
12,34
-24,0
26,8
8,4
-2,46
8,12
2,16
-8,38
-22,34
8,6
22,-2
-24,32
-32,26
24,2
-22,28
18,28
-18,22
38,30
-26,2
4,20
24,2
-14,2
-18,20
-14,40
-34,18
-4,6
-24,40
24,4
-4,30
18,44
-4,14
-10,46
-14,14
-14,40
-8,40
-24,36
-22,28
26,38
2,6
-18,48
-18,42
-32,26
4,40
30,0
34,12
30,16
-4,2
-22,30
12,22
-26,14
-2,28
-12,40
16,42
26,26
-20,8
6,32
-36,24
-30,34
24,24
6,30
-8,12
8,4
0,36
20,40
8,46
4,24
-4,20
-24,22
-24,46
2,-2
-28,8
-16,14
6,32
-12,14
4,30
6,24
16,28
-26,12
-14,-2
-6,0
-16,0
8,40
-14,30
10,46
-24,2
28,2
32,20
-18,14
16,18
40,30
-12,22
2,46
12,-2
28,42
12,30
14,12
24,16
20,30
-18,34
-22,4
-8,40
-18,10
-8,42
30,42
20,20
24,26
-32,32
24,30
-4,40
28,6
-12,40
12,2
-20,12
32,14
-20,4
-26,4
16,-2
12,22
-4,28
12,28
6,22
28,24
26,36
-38,28
-8,0
-18,50
-26,16
-14,12
-16,34
6,18
26,26
-8,2
-28,36
-12,14
-32,12
-18,44
-14,32
6,16
-10,6
14,6
18,16
-8,10
-12,26
-10,48
18,18
2,44
-6,30
-30,34
2,34
-18,48
-4,26
30,40
10,18
14,40
-8,48
18,4
20,24
-26,-2
-10,8
-24,0
6,26
-2,40
-6,30
4,40
36,30
30,26
-10,36
16,14
-16,34
2,32
-30,6
-10,6
-8,38
-18,-2
-26,44
-38,34
-14,6
-24,22
-18,0
16,0
-4,8
-24,38
-2,18
8,26
36,20
16,24
24,16
0,32
-32,22
-26,-2
-20,20
-8,28
-36,24
-22,18
26,32
-26,12
24,36
26,24
-6,46
12,0
0,10
12,-2
-22,20
28,40
-30,12
-6,20
-14,40
-2,42
36,16
-34,24
8,18
24,32
-24,40
-2,36
6,42
-28,-2
-30,20
-20,24
32,10
18,30
22,42
14,28
32,6
24,16
-34,38
-14,6
0,20
18,0
30,12
-26,50
26,8
-10,0
-24,50
32,8
30,34
-2,34
20,22
12,8
8,32
-22,34
14,-2
-22,6
-2,28
-2,42
6,4
-4,38
32,36
12,6
-20,4
20,12
-10,2
8,36
12,38
4,-2
-6,22
-14,46
-2,0
6,26
22,12
-2,0
-12,42
22,4
0,18
-38,34
8,18
14,28
6,8
18,30
-6,34
18,34
0,10
20,0
-30,40
-22,14
16,8
14,18
32,16
30,38
-6,28
-20,8
20,22
-22,40
-8,32
36,36
-2,16
-34,38
-6,-2
-12,6
18,6
6,46
-38,36
26,14
14,6
2,2
-4,48
10,26
-18,50
32,4
34,40
-30,16
-4,28
-28,20
30,42
30,16
18,24
4,22
-2,6
-34,26
-12,44
-18,50
2,32
14,40
14,26
40,28
18,30
30,20
8,24
4,36
0,32
-24,10
-14,30
-24,42
-32,20
-34,12
12,46
-10,34
18,34
22,20
10,4
12,20
36,20
10,2
28,30
-10,10
-28,0
-32,16
12,30
-14,12
-28,6
22,12
-32,22
-32,24
-10,48
-12,10
18,36
-28,48
-36,24
24,42
18,6
-36,34
-2,8
4,38
8,24
8,42
-28,28
-10,-2
-34,16
20,32
32,20
-22,46
-4,40
34,24
4,12
12,28
-20,30
-26,32
-2,18
-4,20
24,32
14,26
38,20
22,6
-10,36
34,18
-28,40
-22,24
-32,28
28,22
2,20
16,26
30,2
16,30
26,0
20,-2
10,34
-20,26
-4,12
-4,0
16,22
-30,-2
36,26
-22,32
-28,4
0,10
-20,36
6,10
12,12
-26,6
0,0
32,16
-12,18
-12,26
-24,42
-20,48
4,28
-36,38
-2,20
-24,30
12,36
-6,42
4,18
-2,-2
12,30
10,24
32,42
24,20
32,22
-32,8
20,42
10,8
20,24
32,16
-18,10
14,24
16,22
-20,26
-8,48
32,30
8,36
14,-2
-12,44
14,30
2,20
-12,6
-4,14
-26,34
-14,28
-18,32
20,12
10,14
-26,4
-2,20
-28,38
12,22
-4,26
8,2
-32,36
24,14
12,8
-16,46
-24,22
18,2
-30,4
0,10
-4,2
0,10
14,16
-16,24
-8,30
-14,38
4,36
8,38
0,26
-16,34
6,32
-26,8
-22,8
10,2
28,-2
-22,50
-30,6
-24,44
-26,18
2,38
-22,10
32,12
8,0
16,42
-20,28
22,0
-2,6
16,44
-34,28
40,28
0,28
-18,0
36,16
-24,36
14,14
24,2
-14,38
12,20
4,38
4,40
-26,16
-32,14
32,28
12,16
32,12
-28,14
-16,2
-14,46
34,26
-12,10
16,28
18,32
-18,18
4,32
14,22
-12,22
2,16
0,-28,914
-28,-34
24,-32
-10,-10
2,-50
-30,-38
12,-4
20,-6
-2,-4
0,-36
28,-20
-10,-12
-16,-40
-18,-6
-10,-40
32,-30
-2,-46
-16,-10
-4,-38
-26,-48
28,-22
30,-26
-10,-10
18,-16
-20,-34
-14,-20
18,-26
-30,-18
40,-34
26,-48
14,-46
-30,-34
22,-8
34,-36
-2,-46
-28,-36
24,-38
-8,-18
24,-24
-24,-16
-10,-38
-32,-48
-22,-50
38,-28
0,-14
22,-12
-26,-6
22,-14
-8,-32
-14,-8
18,-14
-38,-22
-34,-40
12,-28
-2,-18
-10,-20
-2,-10
-8,-6
2,-34
26,-18
4,-4
4,-10
-4,-12
26,-46
-36,-34
0,-8
-40,-34
-30,-20
26,-38
4,-28
-20,-14
32,-28
-40,-24
0,-10
26,-28
-2,-52
-12,-38
26,-28
12,-52
-18,-48
8,-46
20,-30
-16,-44
2,-28
-10,-34
18,-54
4,-40
14,-50
-18,-44
-4,-6
14,-4
20,-42
16,-32
-16,-8
-6,-48
-32,-46
-14,-38
-4,-18
14,-44
-22,-46
30,-22
-20,-46
-34,-12
-4,-22
20,-12
-24,-48
-34,-36
4,-4
14,-18
16,-26
-36,-40
6,-40
-30,-22
-20,-24
6,-54
0,-28
4,-24
14,-50
4,-36
-14,-48
18,-24
-12,-34
-2,-50
4,-42
-30,-46
28,-12
30,-36
-2,-16
-36,-26
36,-38
-2,-4
6,-22
6,-38
-30,-40
18,-52
-24,-42
-38,-24
30,-6
18,-24
24,-30
-26,-18
34,-20
24,-56
16,-54
22,-46
8,-30
-6,-48
-2,-38
32,-18
-2,-42
0,-24
-14,-46
-14,-28
30,-6
-28,-16
22,-16
-2,-52
-2,-4
34,-24
-14,-24
12,-46
18,-10
-10,-44
10,-4
30,-8
34,-36
-18,-44
28,-34
4,-18
32,-16
-28,-30
20,-12
-6,-52
6,-52
10,-24
-34,-16
-16,-44
22,-16
-6,-42
12,-22
-4,-10
0,-50
-38,-30
-28,-10
32,-14
24,-44
26,-48
18,-40
-22,-8
-6,-28
-30,-44
-14,-42
-30,-48
-30,-42
18,-18
20,-4
6,-20
22,-4
34,-44
-16,-34
2,-16
10,-44
-12,-6
18,-46
-26,-44
10,-16
22,-36
-18,-44
4,-32
0,-46
-2,-22
6,-24
20,-46
-34,-46
-32,-48
-32,-12
14,-46
30,-10
-8,-6
-40,-26
16,-4
32,-46
18,-46
-32,-8
22,-36
16,-30
-8,-26
22,-24
8,-30
24,-30
-24,-34
24,-44
2,-40
6,-10
28,-8
20,-40
-34,-36
-38,-20
6,-16
8,-36
-22,-16
26,-6
-6,-16
-24,-44
38,-36
-28,-42
2,-24
-26,-32
16,-30
36,-34
38,-28
10,-54
16,-32
-4,-48
2,-24
-16,-34
-22,-16
-6,-6
20,-46
-4,-46
26,-24
22,-36
26,-22
12,-34
-2,-32
-10,-32
22,-34
18,-22
24,-6
20,-4
0,-4
-38,-34
8,-20
-14,-38
-24,-38
-8,-50
-20,-26
-26,-22
18,-32
-6,-44
26,-50
-4,-26
-8,-42
8,-22
-20,-16
30,-34
-16,-34
-8,-36
2,-48
-36,-24
-34,-22
8,-8
-32,-18
-8,-14
-8,-30
-6,-46
10,-14
32,-16
-30,-12
-10,-52
-12,-36
-16,-20
16,-4
36,-24
-34,-38
22,-16
0,-38
12,-34
12,-14
2,-18
-16,-8
18,-42
-4,-22
-18,-50
-20,-16
24,-46
18,-34
28,-18
24,-22
24,-14
-16,-20
14,-32
36,-24
16,-52
-26,-44
8,-44
20,-8
24,-18
10,-24
-6,-40
18,-34
8,-6
30,-36
16,-12
-10,-30
-20,-46
20,-38
-24,-42
-4,-26
28,-38
-2,-4
10,-10
-6,-18
4,-24
-12,-10
14,-48
8,-50
-20,-44
10,-4
-10,-38
18,-6
-16,-38
-8,-38
-32,-48
12,-18
-32,-8
12,-14
30,-24
10,-12
-24,-16
8,-34
6,-24
18,-38
-32,-8
18,-42
16,-34
8,-28
-36,-28
20,-40
-28,-50
4,-22
12,-50
-24,-4
12,-14
-20,-18
14,-18
-14,-50
2,-24
-38,-36
10,-16
28,-20
-34,-22
-28,-4
12,-40
8,-16
26,-56
-26,-16
-20,-36
26,-38
-24,-44
32,-12
14,-42
-26,-12
32,-14
-32,-38
10,-48
-4,-6
30,-16
12,-18
-2,-20
-22,-28
20,-20
-36,-22
0,-48
-12,-16
12,-16
34,-36
16,-26
16,-10
-2,-50
-28,-4
-36,-28
-30,-24
4,-44
30,-20
18,-28
-32,-22
6,-6
-28,-18
-14,-38
18,-32
-22,-14
0,-10
-14,-26
10,-34
20,-26
-38,-22
26,-54
16,-36
0,-40
18,-12
30,-32
-32,-20
32,-20
6,-26
-30,-22
-26,-42
-14,-32
22,-20
28,-12
-18,-26
-8,-14
32,-28
6,-4
-16,-40
-32,-18
36,-34
-16,-20
-2,-16
-20,-16
-10,-46
-4,-28
-16,-30
18,-20
22,-50
12,-28
8,-16
2,-10
6,-42
22,-30
0,-44
-32,-38
-14,-4
0,-36
-2,-16
-8,-46
20,-8
4,-38
26,-36
-20,-50
-4,-10
-6,-24
14,-48
-30,-34
18,-6
-36,-40
38,-36
-18,-20
-28,-42
36,-24
0,-34
-20,-46
-10,-6
-12,-6
-22,-20
20,-22
-18,-32
-24,-38
-6,-18
30,-16
-14,-10
24,-38
-4,-22
28,-4
2,-36
18,-24
16,-20
-6,-32
-18,-24
18,-34
30,-18
36,-32
20,-20
-12,-34
-10,-22
-16,-40
-2,-50
-4,-16
4,-38
8,-20
6,-16
26,-48
-16,-32
-28,-18
14,-34
-20,-10
-22,-24
28,-4
8,-46
-14,-26
-32,-8
16,-38
-4,-48
-22,-16
-2,-14
-30,-10
-8,-46
-4,-10
-2,-40
12,-20
-38,-32
32,-44
-18,-6
16,-32
28,-46
-8,-10
-16,-14
-6,-48
-8,-52
16,-4
-28,-34
-30,-10
-22,-14
10,-38
-4,-32
-18,-26
4,-12
0,-20
22,-10
-26,-20
20,-36
12,-44
-36,-36
-38,-28
4,-36
-2,-40
-12,-8
24,-38
-30,-14
20,-16
2,-48
12,-34
16,-6
34,-22
-4,-10
-8,-14
-24,-16
26,-42
4,-28
-26,-20
20,-18
12,-46
-10,-42
-10,-30
28,-18
-8,-48
-16,-4
32,-36
-16,-12
12,-14
24,-48
12,-26
34,-32
22,-30
-22,-14
10,-36
6,-38
2,-46
-28,-38
-28,-36
-4,-50
-26,-24
-6,-40
-30,-32
-16,-18
10,-36
22,-50
10,-44
30,-26
2,-14
0,-34
30,-16
-26,-10
-20,-10
0,-48
-28,-46
28,-10
-28,-44
-22,-42
10,-40
20,-24
14,-52
24,-10
-14,-26
-20,-46
34,-28
-32,-34
-2,-14
12,-14
-2,-30
-14,-32
-18,-22
-32,-38
-26,-34
18,-36
-30,-6
20,-34
14,-38
-6,-28
-6,-16
18,-50
16,-28
-18,-24
8,-10
10,-18
-36,-28
-38,-34
0,-10
0,-42
24,-12
-28,-40
-22,-8
-18,-40
10,-4
-30,-10
2,-46
30,-26
10,-48
-2,-32
-40,-26
-26,-8
0,-8
-14,-40
6,-40
-12,-8
-2,-38
-28,-28
4,-30
-24,-14
-24,-34
28,-48
-10,-14
20,-36
-6,-34
-28,-24
18,-30
18,-50
-8,-32
-34,-46
-32,-32
26,-24
26,-4
24,-42
-30,-16
-16,-8
-14,-42
38,-36
-30,-46
16,-16
6,-30
24,-20
30,-28
-20,-36
-24,-50
18,-6
18,-12
18,-32
4,-8
32,-30
-2,-8
6,-26
-2,-24
-36,-16
-8,-6
8,-46
4,-4
8,-40
-24,-18
-26,-42
38,-38
26,-34
26,-26
-12,-24
-32,-22
-18,-28
-14,-34
6,-46
28,-44
-6,-34
-4,-18
-4,-44
-26,-6
4,-22
-18,-40
18,-6
20,-36
16,-12
-36,-40
0,-24
8,-14
28,-42
16,-22
-30,-30
-32,-30
4,-42
12,-44
-26,-48
-30,-32
-36,-28
4,-20
26,-22
16,-44
6,-52
4,-50
-20,-26
10,-8
-8,-32
-6,-26
4,-42
-18,-18
-12,-36
-8,-12
-10,-48
-8,-40
28,-36
-8,-28
28,-34
-20,-40
20,-40
-28,-42
4,-26
8,-14
-34,-14
18,-6
10,-14
30,-18
-2,-14
-30,-6
-2,-24
-22,-40
-28,-38
-26,-14
14,-46
-12,-34
-28,-18
24,-20
26,-10
16,-30
28,-22
-22,-46
2,-30
-10,-34
2,-20
14,-40
30,-26
16,-24
32,-16
30,-48
12,-6
28,-46
-10,-44
24,-6
24,-42
2,-14
-24,-20
-4,-28
-10,-34
34,-38
-40,-28
20,-10
-10,-18
-22,-14
-30,-32
14,-38
26,-6
-16,-30
-32,-42
10,-6
-30,-8
-8,-48
-38,-30
26,-16
-34,-46
-32,-34
30,-34
6,-38
30,-36
-6,-34
22,-16
34,-40
22,-26
-26,-36
0,-46
-34,-30
-14,-46
-26,-18
12,-18
-24,-16
0,-46
-6,-12
26,-30
32,-28
-2,-26
30,-10
-34,-46
20,-54
-36,-42
-22,-48
2,-14
-16,-46
-12,-26
-26,-18
-24,-16
-6,-44
-12,-32
10,-12
16,-24
8,-4
-6,-18
4,-14
28,-10
-36,-42
6,-50
24,-50
4,-38
-14,-16
28,-6
-34,-26
36,-34
8,-22
-10,-4
10,-6
-18,-38
-16,-8
-30,-20
6,-48
28,-32
30,-50
28,-20
-6,-4
34,-44
-30,-4
-2,-46
10,-54
-8,-48
-22,-18
24,-24
-12,-40
20,-6
22,-54
-30,-10
20,-54
-24,-12
6,-24
34,-18
-40,-30
-30,-24
8,-26
-30,-28
-16,-30
8,-50
30,-26
14,-28
6,-8
4,-28
-24,-32
30,-26
-24,-32
10,-46
8,-18
8,-52
6,-8
-14,-26
8,-14
-32,-48
-6,-52
12,-16
4,-38
4,-16
-2,-42
28,-16
22,-22
-18,-48
22,-24
-32,-24
30,-14
10,-32
24,-4
-24,-30
-26,-12
24,-34
-6,-18
26,-28
0,-34
32,-44
-65,68,1098
-82,94
-76,56
-64,88
-80,64
-48,50
-72,84
-54,90
-82,66
-96,98
-40,50
-88,76
-34,62
-96,50
-58,80
-44,96
-36,80
-60,40
-44,42
-74,94
-86,60
-46,60
-98,90
-48,54
-38,48
-64,56
-78,68
-66,44
-82,90
-36,60
-94,88
-38,98
-52,78
-70,92
-52,54
-70,78
-32,46
-70,88
-42,74
-62,92
-46,54
-56,98
-40,48
-94,68
-86,98
-52,42
-52,70
-86,74
-80,72
-52,70
-50,84
-76,38
-32,80
-70,66
-96,94
-92,76
-72,48
-82,58
-48,98
-84,98
-88,38
-52,52
-32,98
-58,82
-36,98
-86,94
-82,96
-50,82
-60,76
-90,78
-94,62
-62,60
-60,80
-86,96
-84,84
-44,58
-68,74
-74,88
-38,96
-76,68
-48,92
-54,50
-88,74
-46,54
-88,70
-84,56
-32,92
-44,82
-80,82
-56,94
-82,74
-54,66
-86,60
-48,56
-48,90
-34,48
-76,70
-88,90
-88,82
-82,50
-92,60
-42,64
-62,60
-68,46
-38,88
-92,88
-46,98
-44,58
-72,56
-34,72
-40,42
-76,90
-84,60
-86,70
-40,92
-52,86
-48,90
-46,92
-74,98
-78,62
-70,94
-68,54
-94,50
-30,50
-62,92
-96,46
-50,58
-40,82
-48,42
-100,80
-74,66
-78,82
-52,82
-56,68
-68,42
-40,70
-44,66
-32,80
-86,76
-94,88
-60,38
-70,96
-80,56
-60,72
-98,92
-48,62
-32,76
-48,50
-82,48
-54,38
-30,70
-48,64
-68,64
-34,48
-76,82
-58,92
-66,46
-34,92
-80,74
-34,90
-30,58
-46,76
-94,94
-38,40
-44,70
-30,62
-78,70
-54,56
-62,58
-76,44
-66,44
-46,72
-74,74
-52,42
-54,38
-40,86
-32,58
-94,40
-84,76
-66,42
-80,40
-42,60
-58,52
-62,50
-34,94
-94,70
-70,70
-50,52
-88,46
-76,46
-58,68
-30,82
-86,48
-96,44
-84,50
-92,98
-42,96
-44,86
-76,82
-84,96
-88,84
-38,38
-34,72
-50,90
-52,94
-58,84
-30,50
-64,74
-42,70
-84,52
-94,78
-88,48
-74,42
-74,68
-78,52
-96,56
-42,94
-90,92
-54,62
-90,48
-88,52
-66,46
-80,48
-56,54
-100,74
-98,68
-100,52
-86,98
-46,90
-36,96
-58,36
-94,56
-92,84
-48,58
-70,58
-70,48
-62,74
-88,74
-56,80
-92,38
-82,38
-56,60
-66,60
-36,42
-38,54
-88,92
-46,94
-70,76
-42,72
-100,58
-36,70
-46,38
-56,86
-58,54
-32,68
-94,70
-86,90
-40,52
-46,38
-44,84
-60,88
-36,66
-86,70
-62,94
-100,84
-98,86
-80,98
-62,88
-70,44
-36,62
-42,36
-82,72
-86,98
-82,86
-54,36
-84,70
-40,64
-32,84
-94,38
-34,90
-60,66
-86,76
-80,86
-50,62
-98,66
-82,62
-62,52
-38,44
-30,72
-60,44
-64,58
-34,54
-60,58
-58,48
-84,92
-50,48
-44,54
-42,98
-54,90
-92,40
-62,44
-50,98
-74,38
-50,40
-32,54
-96,60
-64,54
-82,42
-34,74
-40,56
-48,42
-74,94
-54,58
-36,94
-60,94
-32,82
-100,92
-54,42
-72,64
-74,60
-96,82
-92,38
-90,64
-96,64
-78,80
-76,62
-82,62
-36,64
-64,84
-100,44
-60,68
-44,38
-76,58
-60,84
-64,92
-58,68
-86,38
-66,96
-48,90
-60,64
-52,66
-46,82
-50,40
-32,74
-34,56
-74,88
-86,60
-76,98
-90,42
-76,40
-88,64
-46,58
-50,36
-50,76
-52,48
-34,62
-80,82
-44,86
-92,42
-30,54
-66,80
-62,74
-92,78
-32,76
-64,70
-92,54
-100,56
-48,48
-38,74
-74,96
-84,54
-48,36
-42,94
-72,84
-56,88
-90,76
-90,42
-40,46
-32,74
-74,74
-94,92
-64,38
-76,88
-54,96
-74,90
-96,86
-30,78
-98,74
-58,76
-96,70
-70,48
-62,76
-40,68
-64,48
-74,52
-60,98
-46,96
-66,64
-86,70
-50,40
-66,72
-56,50
-70,80
-40,62
-76,56
-78,98
-38,38
-46,66
-94,40
-44,76
-72,98
-50,48
-92,78
-96,44
-68,84
-52,84
-88,38
-40,94
-88,62
-84,70
-62,42
-68,88
-50,52
-96,94
-100,50
-44,98
-80,80
-50,46
-64,50
-64,66
-96,76
-68,72
-60,96
-56,58
-78,80
-78,46
-86,76
-78,54
-52,40
-86,82
-78,42
-32,66
-78,68
-82,96
-42,58
-44,92
-34,44
-82,70
-94,64
-56,82
-62,48
-42,44
-58,62
-88,50
-82,92
-44,44
-60,62
-60,56
-64,50
-46,54
-78,98
-30,62
-82,98
-42,60
-54,72
-56,36
-66,78
-56,98
-88,82
-96,86
-44,76
-52,88
-98,92
-80,70
-42,48
-42,58
-96,64
-82,76
-88,84
-74,62
-60,86
-86,52
-72,70
-74,44
-98,42
-84,84
-84,64
-54,40
-84,70
-52,60
-88,56
-50,60
-58,72
-62,60
-80,72
-58,52
-68,70
-100,68
-72,98
-42,92
-34,60
-94,98
-64,90
-68,56
-54,94
-42,58
-94,88
-50,58
-56,62
-60,80
-90,92
-42,70
-40,98
-72,76
-56,94
-64,92
-78,94
-46,70
-58,80
-50,66
-94,96
-62,48
-52,74
-70,44
-60,66
-34,74
-38,96
-88,64
-72,94
-48,42
-66,48
-52,46
-72,44
-74,66
-38,56
-70,70
-56,52
-82,68
-88,64
-42,44
-40,80
-76,72
-46,88
-74,94
-56,42
-40,46
-76,96
-54,88
-42,42
-62,90
-50,96
-78,76
-54,76
-72,50
-66,68
-28,56
-66,82
-84,42
-72,82
-46,82
-36,96
-80,38
-68,50
-86,76
-36,54
-84,94
-74,80
-98,88
-60,44
-50,98
-82,44
-96,70
-72,58
-32,86
-54,90
-66,70
-36,42
-76,98
-70,44
-64,44
-92,50
-72,52
-86,74
-70,58
-84,90
-66,84
-64,86
-82,60
-46,68
-88,58
-44,86
-54,48
-56,74
-70,80
-42,64
-76,74
-94,98
-40,72
-80,98
-48,92
-98,58
-80,80
-70,58
-56,68
-66,86
-80,38
-50,46
-52,48
-60,74
-68,94
-92,52
-80,82
-86,72
-90,74
-48,44
-98,76
-68,46
-98,66
-78,48
-86,70
-58,46
-96,84
-100,64
-56,72
-62,94
-90,40
-60,82
-60,42
-86,44
-100,92
-40,54
-62,76
-86,70
-82,78
-38,72
-58,60
-100,92
-54,44
-78,64
-56,64
-50,66
-76,58
-84,68
-84,88
-68,98
-58,66
-54,88
-50,82
-44,84
-84,78
-92,54
-48,74
-44,54
-66,92
-64,40
-34,96
-70,48
-94,92
-46,96
-96,50
-86,82
-36,96
-98,56
-70,56
-44,92
-34,92
-88,68
-60,50
-46,62
-86,40
-50,94
-36,78
-58,42
-80,82
-80,92
-96,60
-92,54
-94,68
-68,80
-100,56
-50,42
-82,44
-82,48
-74,74
-42,90
-58,78
-56,96
-30,62
-48,58
-98,54
-92,92
-50,86
-96,70
-98,64
-60,40
-70,76
-98,94
-30,56
-32,96
-52,54
-52,38
-38,62
-38,80
-92,46
-88,84
-66,44
-38,64
-64,86
-52,60
-68,48
-88,88
-38,72
-70,48
-92,48
-94,78
-96,90
-100,92
-78,96
-40,76
-56,82
-94,96
-66,88
-54,54
-64,70
-68,62
-42,40
-76,84
-70,60
-34,56
-80,56
-74,76
-92,60
-50,78
-52,88
-72,58
-86,54
-100,66
-68,60
-34,78
-48,58
-70,78
-42,72
-34,58
-62,50
-42,88
-36,90
-76,40
-70,62
-84,96
-88,40
-94,92
-68,58
-86,40
-92,92
-98,86
-94,88
-88,52
-90,78
-42,54
-30,68
-84,38
-52,96
-98,78
-48,78
-46,90
-82,58
-42,72
-82,76
-34,52
-54,46
-56,52
-80,86
-38,80
-80,44
-30,70
-44,64
-38,88
-56,58
-88,38
-98,50
-52,76
-92,38
-96,96
-66,58
-94,58
-46,96
-100,54
-88,94
-60,40
-40,46
-84,52
-60,60
-46,50
-82,92
-78,46
-64,72
-40,46
-80,82
-88,50
-34,72
-46,50
-84,40
-82,64
-42,62
-50,50
-50,74
-46,78
-68,58
-74,60
-52,36
-92,86
-96,84
-74,38
-100,86
-74,70
-42,70
-92,48
-46,90
-36,56
-58,82
-68,66
-66,90
-88,60
-94,40
-62,92
-38,74
-34,94
-32,56
-64,46
-74,94
-84,56
-52,84
-48,72
-50,54
-76,78
-64,84
-40,90
-38,44
-56,60
-92,54
-56,72
-34,68
-48,80
-52,98
-82,58
-98,96
-94,82
-64,60
-36,52
-52,62
-50,62
-72,96
-34,58
-84,56
-40,60
-90,40
-80,52
-72,62
-82,66
-72,90
-60,40
-96,88
-82,54
-52,40
-32,52
-32,90
-70,66
-74,50
-46,96
-60,66
-42,88
-58,56
-92,78
-48,54
-74,88
-32,58
-80,92
-62,88
-50,72
-86,44
-86,76
-54,78
-78,76
-98,52
-68,50
-44,92
-98,78
-84,44
-42,86
-74,64
-64,68
-64,96
-32,94
-30,56
-100,90
-32,66
-84,94
-44,42
-96,70
-58,50
-52,46
-54,68
-90,62
-42,80
-50,44
-90,58
-32,60
-56,92
-36,96
-60,96
-52,88
-50,60
-68,40
-46,38
-80,78
-38,54
-52,86
-88,56
-82,68
-40,70
-82,68
-32,50
-56,76
-96,48
-100,94
-34,86
-36,98
-66,36
-70,82
-40,56
-70,40
-68,92
-64,88
-40,42
-56,80
-96,38
-88,46
-66,42
-56,90
-52,78
-90,60
-30,62
-86,88
-50,38
-86,82
-60,78
-94,98
-94,78
-84,60
-42,60
-72,46
-82,96
-76,86
-86,66
-52,84
-66,72
-44,70
-42,96
-92,72
-42,78
-72,54
-90,60
-44,88
-60,96
-76,52
-80,62
-84,48
-62,60
-72,40
-92,88
-36,68
-92,74
-44,42
-32,92
-36,60
-100,74
-48,74
-80,40
-64,54
-98,68
-60,50
-98,70
-82,72
-62,70
-94,70
-60,70
-46,68
-52,72
-78,52
-98,68
-62,56
-60,42
-90,46
-88,94
-86,70
-94,98
-98,82
-42,74
-70,42
-96,90
-86,56
-80,76
-58,66
-94,46
-54,82
-82,40
-100,96
-48,62
-50,98
-82,38
-38,74
-76,38
-92,96
-56,82
-48,98
-56,98
-48,42
-92,78
-82,40
-84,82
-72,42
-54,38
-66,64
-68,82
-90,78
-36,50
-86,92
-58,58
-44,42
-74,54
-98,72
-70,52
-62,94
-48,66
-38,60
-34,62
-62,74
-68,76
-78,52
-100,80
-94,82
-92,70
-92,42
-64,68
-100,66
-74,92
-38,94
-78,62
-92,76
-52,38
-48,64
-92,62
-60,70
-92,64
-34,46
-70,80
-92,66
-48,92
-66,90
-98,64
-88,94
-86,70
-52,98
-54,62
-74,66
-90,40
-82,94
-98,50
-64,36
-64,66
-82,62
-100,82
-96,78
-82,80
-82,52
-84,84
-32,90
-84,94
-92,52
-36,70
-92,78
-50,56
-34,68
-84,52
-42,40
-76,94
-58,86
-82,48
-44,42
-32,80
-98,58
-50,46
-34,60
-72,50
-42,40
-64,54
-46,38
-48,96
-92,64
64,-68,1093
74,-42
38,-86
90,-64
98,-76
90,-66
58,-98
38,-58
42,-96
64,-98
56,-48
68,-86
80,-38
52,-48
60,-60
64,-38
82,-38
94,-42
40,-94
84,-46
46,-54
80,-80
98,-54
60,-46
44,-60
78,-100
86,-48
44,-82
82,-78
86,-50
34,-52
82,-62
46,-74
84,-82
74,-90
54,-38
72,-48
50,-38
36,-62
38,-98
98,-84
86,-52
44,-86
54,-80
80,-46
40,-60
90,-94
54,-66
42,-90
40,-56
58,-52
80,-92
84,-60
78,-64
88,-76
34,-100
76,-64
38,-66
66,-70
64,-74
70,-60
96,-66
86,-66
46,-40
54,-94
92,-52
38,-58
38,-100
50,-68
60,-46
80,-38
64,-94
90,-44
42,-76
72,-68
46,-80
84,-74
58,-78
90,-84
40,-64
90,-98
76,-90
84,-70
90,-50
72,-68
84,-40
80,-40
80,-100
76,-48
88,-50
74,-40
54,-98
32,-56
66,-74
96,-90
54,-56
50,-72
70,-90
86,-80
52,-74
64,-96
54,-40
78,-76
50,-88
58,-62
80,-62
74,-54
68,-82
92,-92
34,-62
96,-54
90,-94
34,-98
74,-42
32,-56
54,-94
68,-80
94,-78
54,-64
78,-40
80,-62
76,-62
82,-48
60,-80
74,-92
86,-54
72,-46
64,-68
86,-90
98,-50
62,-96
86,-82
38,-100
86,-88
32,-80
66,-94
32,-88
54,-76
54,-70
86,-46
74,-62
66,-38
52,-94
78,-78
38,-74
82,-84
80,-64
70,-82
56,-36
84,-78
56,-62
44,-84
54,-68
78,-78
96,-76
48,-62
88,-54
46,-90
92,-90
42,-42
94,-86
56,-42
82,-64
66,-58
54,-86
36,-44
88,-46
72,-94
48,-46
42,-86
60,-78
34,-80
50,-90
94,-72
88,-98
46,-42
62,-86
48,-84
48,-82
90,-76
54,-100
46,-94
48,-46
60,-94
90,-78
56,-62
64,-76
76,-58
52,-80
88,-46
92,-100
62,-60
98,-88
82,-70
46,-80
88,-40
88,-52
78,-38
32,-70
64,-84
34,-50
70,-84
34,-52
42,-46
84,-54
82,-88
98,-74
50,-54
42,-66
96,-90
72,-40
50,-56
88,-48
88,-70
68,-76
76,-54
34,-52
40,-98
96,-88
94,-70
58,-54
74,-48
42,-66
70,-54
64,-56
54,-78
52,-54
82,-42
70,-40
46,-52
72,-38
66,-88
68,-64
40,-62
66,-36
60,-52
74,-40
78,-68
44,-46
60,-76
28,-56
50,-54
76,-74
94,-46
98,-98
80,-60
60,-52
40,-44
44,-64
74,-44
78,-48
78,-94
48,-100
76,-78
62,-68
78,-96
74,-82
40,-96
52,-94
74,-60
58,-82
30,-68
40,-96
60,-42
76,-92
78,-52
40,-86
50,-38
72,-100
32,-68
52,-44
38,-78
50,-86
70,-62
52,-36
28,-56
82,-94
48,-80
60,-100
72,-74
34,-68
80,-92
74,-78
62,-52
90,-74
58,-58
66,-50
32,-86
56,-70
68,-76
90,-84
52,-62
70,-94
92,-50
80,-44
28,-62
38,-62
54,-78
68,-60
58,-58
34,-74
98,-50
48,-96
48,-62
78,-82
60,-90
38,-74
76,-58
74,-86
44,-96
66,-50
36,-90
64,-82
88,-56
38,-92
64,-78
96,-44
60,-78
76,-76
64,-74
72,-88
54,-64
56,-82
96,-44
50,-84
58,-62
54,-94
90,-92
58,-98
36,-100
78,-78
50,-50
68,-52
54,-68
90,-76
92,-54
50,-96
82,-94
48,-52
34,-54
46,-46
44,-98
62,-36
92,-100
92,-84
44,-78
64,-54
54,-68
34,-100
98,-50
40,-48
88,-62
50,-48
92,-54
64,-98
28,-66
70,-88
64,-64
94,-42
38,-84
84,-54
46,-94
84,-98
36,-76
66,-56
54,-44
94,-78
34,-72
86,-40
38,-80
90,-96
34,-56
52,-84
32,-82
62,-72
64,-96
72,-70
56,-52
52,-62
48,-74
50,-36
76,-92
80,-98
84,-98
90,-38
88,-74
48,-70
80,-88
44,-52
68,-90
86,-68
90,-88
66,-38
66,-64
98,-58
40,-94
90,-80
44,-58
52,-46
84,-58
40,-46
28,-60
46,-70
66,-58
50,-48
94,-44
76,-48
34,-76
88,-82
38,-96
96,-40
32,-86
68,-40
98,-98
84,-40
96,-44
96,-98
76,-78
48,-60
54,-36
68,-78
96,-72
32,-84
88,-76
70,-78
72,-82
84,-88
46,-92
72,-98
56,-54
46,-52
42,-44
54,-84
54,-82
82,-74
80,-96
38,-60
64,-88
48,-40
98,-50
38,-64
66,-90
32,-94
34,-86
54,-62
28,-64
96,-84
60,-96
46,-64
92,-42
80,-72
30,-78
70,-64
86,-46
80,-90
64,-58
84,-40
80,-54
56,-82
46,-80
60,-52
36,-58
40,-44
66,-42
96,-80
44,-56
64,-40
82,-44
32,-70
62,-80
44,-78
46,-86
76,-62
62,-62
82,-52
74,-88
64,-38
52,-82
70,-88
66,-60
56,-98
58,-78
98,-100
46,-90
58,-46
60,-68
84,-40
64,-92
50,-76
32,-74
98,-88
50,-64
46,-90
68,-92
74,-70
74,-38
50,-72
58,-90
56,-62
76,-88
44,-52
68,-100
78,-42
80,-60
86,-80
86,-74
82,-44
82,-48
46,-66
60,-46
28,-62
80,-82
76,-50
52,-88
88,-76
76,-68
54,-82
52,-54
44,-94
98,-62
36,-60
44,-88
42,-72
60,-78
36,-48
44,-98
90,-80
72,-92
40,-100
90,-98
62,-86
38,-74
66,-36
88,-80
32,-80
60,-58
60,-82
84,-50
84,-78
54,-44
32,-90
46,-46
80,-52
70,-56
92,-90
84,-68
30,-62
70,-46
98,-50
36,-62
32,-76
64,-74
74,-42
50,-62
78,-100
34,-60
40,-74
54,-54
40,-70
50,-44
50,-94
94,-72
72,-84
70,-64
92,-50
92,-42
66,-68
92,-98
52,-98
76,-44
86,-98
70,-60
82,-84
88,-72
34,-48
54,-96
88,-52
40,-56
72,-90
84,-88
64,-66
62,-52
96,-90
40,-46
64,-96
76,-82
66,-94
62,-96
30,-76
92,-88
68,-62
68,-60
38,-58
44,-66
82,-54
80,-68
42,-44
56,-46
62,-86
96,-50
96,-40
50,-100
90,-78
42,-54
42,-76
62,-96
88,-54
40,-80
80,-80
58,-88
66,-96
44,-48
70,-42
60,-88
66,-76
42,-64
68,-56
68,-68
46,-60
98,-42
88,-74
44,-90
70,-46
58,-60
92,-54
84,-86
88,-60
80,-64
44,-80
88,-88
30,-70
76,-94
52,-88
96,-78
70,-68
52,-76
48,-62
48,-88
48,-72
94,-68
64,-42
94,-40
54,-40
92,-98
62,-70
70,-92
58,-70
34,-74
72,-68
84,-90
72,-88
90,-88
98,-84
96,-50
44,-54
30,-60
82,-58
54,-46
46,-42
44,-78
82,-46
56,-50
88,-94
32,-66
72,-40
56,-92
32,-88
46,-94
46,-92
58,-68
50,-76
46,-62
82,-50
84,-74
98,-64
52,-80
50,-52
94,-80
62,-48
82,-100
52,-60
42,-38
70,-82
78,-54
56,-62
60,-50
92,-98
58,-54
60,-74
44,-50
46,-84
88,-62
80,-60
84,-40
72,-78
62,-80
46,-58
32,-70
66,-90
68,-68
36,-96
58,-58
40,-68
74,-74
40,-70
42,-44
86,-50
70,-42
84,-52
46,-66
76,-92
42,-100
90,-68
72,-54
38,-56
70,-94
32,-78
30,-58
64,-50
54,-60
54,-66
40,-68
84,-60
94,-54
90,-74
94,-84
36,-58
94,-70
88,-80
82,-96
68,-48
44,-38
34,-48
38,-70
54,-100
30,-80
42,-88
32,-56
32,-92
92,-40
78,-88
64,-44
84,-60
76,-96
34,-78
42,-94
74,-40
92,-38
98,-86
68,-60
52,-64
66,-76
40,-84
74,-90
90,-84
86,-62
40,-94
76,-50
54,-68
80,-74
50,-82
88,-68
94,-70
96,-62
50,-40
48,-50
84,-60
80,-42
78,-56
78,-74
42,-94
54,-40
68,-60
68,-100
70,-54
74,-96
40,-50
70,-66
86,-74
96,-56
92,-56
60,-40
64,-66
84,-92
90,-66
56,-74
90,-70
52,-56
48,-90
68,-56
54,-36
42,-60
86,-64
72,-98
56,-68
42,-62
76,-66
58,-40
40,-46
46,-94
72,-50
78,-98
54,-62
58,-100
42,-94
82,-100
36,-50
82,-74
68,-58
80,-78
96,-100
34,-82
68,-88
90,-44
90,-74
40,-36
58,-82
88,-92
80,-44
34,-98
68,-76
64,-84
66,-96
68,-92
92,-56
48,-78
48,-38
58,-50
58,-100
68,-62
40,-92
74,-46
84,-74
32,-82
92,-96
70,-44
98,-92
30,-62
40,-68
92,-76
64,-88
98,-96
96,-76
90,-40
84,-50
70,-46
94,-72
76,-78
78,-90
74,-90
84,-50
48,-86
78,-38
42,-42
76,-38
76,-62
30,-58
90,-92
52,-56
64,-38
50,-52
78,-60
28,-62
62,-96
92,-50
40,-62
86,-96
58,-44
72,-48
56,-50
42,-46
40,-88
78,-84
82,-60
46,-86
84,-66
44,-98
50,-74
56,-58
48,-58
44,-94
56,-62
72,-84
86,-52
80,-100
70,-60
96,-66
98,-86
70,-48
56,-42
92,-48
44,-66
82,-42
62,-36
92,-98
96,-84
46,-82
72,-78
82,-48
86,-60
90,-74
64,-78
92,-42
42,-78
42,-36
80,-74
42,-100
58,-56
88,-62
74,-64
66,-40
96,-84
84,-50
64,-66
38,-100
66,-82
62,-80
58,-52
78,-44
88,-96
84,-82
88,-46
30,-70
42,-50
50,-74
90,-64
56,-90
36,-70
80,-38
44,-52
84,-56
86,-64
44,-94
64,-92
44,-66
88,-48
60,-46
58,-76
50,-48
36,-76
52,-44
36,-52
60,-72
80,-72
46,-48
66,-92
68,-92
30,-54
68,-46
54,-78
60,-62
60,-82
98,-54
46,-92
76,-44
32,-58
38,-62
74,-48
80,-78
74,-52
82,-96
80,-50
54,-98
82,-80
46,-54
66,-38
92,-78
92,-50
88,-62
56,-60
66,-90
60,-94
98,-56
34,-70
66,-86
38,-56
88,-44
34,-50
42,-82
78,-46
78,-96
88,-54
62,-90
44,-60
66,-70
82,-94
90,-62
82,-54
34,-80
36,-46
80,-70
68,-86
64,-62
86,-90
88,-56
74,-64
74,-56
66,-44
66,-36
66,-88
90,-94
64,-50
80,-56
88,-48
46,-44
68,-84
46,-60
66,-44
82,-38
42,-62
92,-86
56,-48
34,-64
90,-96
32,-66
76,-58
50,-54
70,-44
36,-92
32,-64
58,-88
84,-88
64,-76
64,-84
40,-86
92,-62
72,-88
44,-50
30,-64
64,-98
66,-58
96,-72
40,-90
68,-72
96,-58
60,-48
46,-78
66,-76
46,-68
48,-88
84,-72
56,-38
58,-64
44,-78
74,-90
86,-60
58,-46
56,-82
78,-78
52,-62
64,-66
90,-92
54,-50
58,-96
98,-64
76,-56
32,-94
66,-36
28,-62
88,-100
86,-66
38,-92
70,-40
80,-66
58,-52
54,-38
66,-56
86,-56
68,-50
58,-52
62,-88
34,-90
86,-50
88,-66
50,-88
98,-88
56,-44
38,-58
58,-60
42,-70
42,-44
82,-72
74,-52
62,-82
42,-84
68,-56
96,-70
88,-88
76,-60
88,-70
40,-42
62,-98
60,-50
60,-96
