-1.47046,46.2472,1828
-8,68
-32,52
22,8
4,92
-8,-10
-20,-2
12,32
30,58
-20,22
18,68
-24,48
-18,32
-34,22
28,80
-12,26
-2,48
-6,10
-34,32
-8,14
-24,86
18,94
10,36
-12,46
22,54
18,4
16,86
30,66
-34,26
-8,34
-24,54
24,56
14,92
12,-4
26,62
-30,98
20,92
20,6
-34,64
-24,36
18,40
-22,76
0,-12
-18,88
16,92
-4,52
12,22
0,-14
12,96
-6,74
-2,56
28,66
-24,8
-6,98
-2,44
22,82
-10,80
-8,24
18,46
16,56
-4,82
18,58
2,50
10,26
-20,46
20,58
-12,0
-8,40
-4,82
10,62
-32,22
-16,20
-34,72
-2,4
28,64
-20,64
24,90
32,98
2,66
-12,24
-8,34
-34,36
-14,78
-16,58
-22,18
-12,2
20,26
-34,86
30,70
2,82
26,36
-20,56
-24,38
18,30
6,92
14,44
-6,70
28,60
-24,28
6,10
14,50
-4,46
-10,76
18,54
20,24
-8,0
-22,78
2,40
-6,20
8,58
-28,2
8,24
28,52
30,30
-16,16
0,40
-18,64
26,0
4,58
32,68
-10,86
30,50
-30,62
-2,44
-6,6
30,88
-2,92
20,12
-2,98
6,44
-8,-12
-10,24
-26,72
22,8
-10,24
-2,-2
-26,84
-8,72
24,56
14,66
4,24
24,42
-20,90
-28,46
-24,4
16,10
20,40
-6,34
-32,84
-12,24
8,96
-8,-8
24,2
-14,20
32,6
24,80
30,56
-14,24
6,54
-20,62
-26,16
18,0
-22,98
0,22
-34,4
-28,96
-20,34
28,96
24,70
12,-8
-16,10
8,80
-14,48
14,0
-4,-2
-18,2
-20,50
-32,66
-26,64
22,20
6,0
22,0
28,36
-20,18
12,64
12,32
-14,-8
-6,64
26,38
-30,82
4,-12
32,8
-22,54
-16,-4
6,86
-26,54
4,56
22,90
-26,46
-32,32
26,80
30,12
22,26
-28,88
10,28
12,62
20,80
26,60
30,24
32,20
-30,4
-22,36
0,90
30,66
26,24
24,40
8,26
18,20
-18,14
10,2
28,16
-4,36
-10,48
6,68
-2,74
18,72
32,16
22,2
10,44
-24,14
4,24
20,76
18,30
-32,6
-32,4
32,18
4,-4
-34,42
32,48
-26,52
-20,14
-12,82
28,14
32,30
-10,38
-8,2
2,82
-34,96
24,68
26,32
0,-4
4,58
4,24
26,6
-34,48
4,48
26,64
-24,26
6,22
8,8
24,30
16,76
-28,26
20,98
0,50
-14,64
-18,18
-14,84
22,34
-22,38
30,36
26,40
0,-4
0,96
-20,90
22,92
-22,50
-18,62
32,64
8,34
-14,72
-26,70
-22,42
-34,32
-26,10
26,88
-10,18
-8,18
-10,88
10,52
28,12
0,-12
-16,44
0,88
4,16
18,6
30,58
30,48
-34,52
-28,62
16,68
14,86
-14,78
-14,52
-8,28
-24,46
4,42
10,0
4,44
-18,94
-14,70
22,66
20,44
0,30
-10,56
2,40
-32,14
-4,-2
18,10
12,54
2,84
-8,66
-20,38
-4,34
-8,8
-32,54
-4,28
2,46
-34,36
-6,-4
10,4
4,6
-10,60
-18,84
-6,-6
4,8
-18,66
-24,86
-30,76
0,40
20,52
2,70
-20,92
2,42
-20,28
28,94
-26,38
18,34
-12,34
14,18
-18,66
18,60
-24,8
-28,56
10,6
-34,90
0,50
16,76
26,62
-6,20
-4,18
28,26
-26,-2
0,94
-10,26
-4,96
-6,-10
2,0
-8,60
-32,64
14,94
-26,88
-2,26
-24,68
4,42
-2,60
-22,46
-6,-10
-24,86
-20,26
-6,62
-6,56
-26,56
12,32
30,10
32,76
-18,10
22,76
14,88
2,28
2,66
-32,30
4,98
4,4
22,44
2,44
2,82
-18,20
16,90
-28,30
24,34
-26,82
18,6
12,32
6,32
-12,46
30,68
-16,76
-14,96
-10,52
-28,80
32,64
32,98
-32,46
22,84
-22,96
-12,58
-22,20
-14,2
-2,70
14,80
-22,82
4,72
14,98
18,90
-8,76
-26,70
-10,4
-22,74
-20,12
16,-2
14,38
26,80
12,54
4,74
14,50
4,44
28,98
-14,52
18,90
-34,34
-24,40
-28,0
0,60
26,30
2,88
-16,28
-8,44
22,80
6,50
12,12
-10,-4
-28,80
16,60
-16,46
-26,68
-22,22
32,80
18,90
16,54
4,6
-34,50
16,20
8,62
-2,8
-34,80
28,8
-22,46
0,90
24,40
-12,28
-16,0
-24,70
-16,16
-24,12
20,8
-24,64
22,78
-8,38
-30,76
-6,78
0,76
-16,24
16,-4
0,82
14,44
-12,2
26,94
-20,90
22,32
4,70
16,2
16,20
-12,38
-10,52
12,84
16,34
-6,64
-32,54
14,66
-12,86
-34,66
-18,40
-2,56
6,24
-18,44
-10,6
14,12
-20,48
20,94
-22,32
-20,94
20,80
-8,10
-4,10
-6,46
-6,84
22,34
10,82
-6,92
0,72
-24,10
-4,76
8,58
-26,28
28,58
18,6
-14,92
2,80
18,16
-10,36
10,34
4,76
-34,64
-20,14
18,10
22,-2
22,62
4,38
14,74
-14,28
20,16
-4,14
-22,32
-2,70
12,0
-14,46
-10,6
22,-4
2,46
-12,72
14,40
-10,48
-8,2
32,34
-10,68
6,64
4,14
30,46
6,48
-26,30
26,98
0,56
-32,64
22,62
24,98
-12,16
-30,26
-2,94
-28,70
8,38
18,96
28,82
20,4
24,72
22,38
-24,84
12,20
28,94
-30,28
10,84
-32,72
30,84
26,90
-28,68
-12,70
28,20
-16,52
10,4
24,32
-22,-2
24,-2
6,24
-12,58
24,54
-20,74
-6,56
10,92
-12,20
2,76
16,78
20,54
-6,70
-10,30
18,56
2,-8
-6,-6
16,42
-14,80
-22,72
-14,92
20,36
-10,56
22,50
-16,46
-18,8
-14,32
-10,-6
6,20
2,-10
-6,86
22,76
12,-6
-12,82
28,4
-34,90
-14,78
2,34
-20,82
28,66
-24,84
-16,88
-16,70
4,6
12,52
30,34
-30,64
-2,2
12,74
-18,56
20,48
14,82
24,78
16,18
-20,50
22,84
20,0
2,32
14,60
20,4
-32,6
-2,92
-30,72
-16,-6
22,88
-8,44
28,34
12,20
-4,64
16,6
12,94
28,8
-4,8
-18,32
8,-8
-24,64
-14,82
-30,40
-32,66
-10,10
-10,70
-32,40
22,82
0,64
-22,60
16,52
22,30
-32,24
16,44
-34,90
4,48
-8,78
-10,46
2,30
0,88
-18,32
10,18
32,84
10,74
-18,50
-24,42
-20,16
-22,30
20,-2
6,90
20,68
22,96
28,0
2,76
20,90
28,36
10,56
-6,-6
-14,72
-18,18
-30,4
6,44
-6,80
8,10
26,22
-4,0
-2,-8
14,-2
6,88
-12,10
-6,96
-10,28
24,66
20,64
24,64
22,80
-30,98
16,14
10,68
-6,84
4,4
12,82
-14,74
10,80
10,60
-16,30
-12,50
-4,54
-20,70
-24,6
-4,22
-4,80
20,72
24,58
8,80
22,36
-30,46
30,74
-8,60
-2,52
14,46
-28,86
-12,72
-32,80
0,18
-22,38
6,82
20,90
-28,96
20,60
0,68
30,20
-30,64
10,62
26,94
-12,84
-30,80
-34,2
-10,88
2,54
0,26
-30,18
-28,4
-18,6
14,-4
4,32
-14,30
32,86
-34,72
28,24
-22,98
-24,8
14,4
-6,-10
-10,82
-14,16
22,96
-20,70
2,10
14,2
12,92
8,76
-34,68
-22,60
-8,60
-24,40
30,2
-6,32
-12,44
-6,66
-30,18
6,16
14,54
16,52
-20,62
24,0
12,0
14,52
-26,78
28,56
-16,60
0,78
-24,36
-28,10
-26,86
-4,46
30,44
-6,46
-8,60
10,70
18,2
-18,12
18,20
-6,42
-20,74
20,66
24,60
-30,92
30,70
-34,28
-10,92
-24,8
32,56
20,32
-28,-2
-34,84
28,76
-24,50
-18,30
-4,38
-4,42
-34,44
-22,82
-26,74
0,-4
-26,58
-34,62
32,8
-14,76
-26,44
12,16
-14,64
-22,-4
-10,-6
22,10
18,92
-6,48
-32,38
2,98
-20,2
-28,70
-2,-6
-18,8
-34,56
-22,40
-30,38
18,10
-32,10
0,24
24,88
-4,70
-34,54
24,86
-20,68
26,86
6,66
-22,92
14,44
20,16
0,34
2,64
4,46
-18,34
-24,8
-14,76
20,50
12,88
-18,4
6,72
-8,-2
6,62
30,96
6,0
-12,70
-32,92
-26,68
-10,52
2,66
-20,-4
12,10
4,-4
-26,46
-20,16
-30,32
-14,0
-18,44
-6,-4
10,52
-26,46
6,34
-30,58
18,84
-34,26
-8,88
-30,34
-12,90
14,32
-34,84
30,46
-30,36
30,64
0,6
10,-4
8,64
16,28
32,72
32,40
-20,88
-32,32
2,36
-20,26
-4,48
0,22
-16,12
0,22
-32,50
-30,42
2,-14
8,2
-22,44
-18,36
-20,40
10,80
-24,18
16,58
10,66
-14,50
30,78
32,36
-4,98
4,6
-14,82
-20,50
-10,-4
4,8
32,36
-12,94
-6,-8
10,88
14,78
-14,72
-28,32
26,68
32,50
8,74
0,36
-22,4
22,20
-28,56
-22,6
-8,-8
-4,64
-4,88
20,74
-2,2
10,44
-22,70
-26,48
-14,42
-18,14
26,82
-32,10
2,78
-20,-6
-2,34
-32,44
18,54
-30,6
-4,84
12,90
-32,98
20,36
-22,88
18,12
-2,88
-20,-6
-24,70
4,36
-12,4
-6,-2
6,10
6,18
-18,28
28,60
-14,92
-6,64
16,98
14,58
14,42
26,60
-22,36
-8,60
18,44
-20,76
-28,40
-4,74
-16,60
-16,42
-18,42
-20,-2
8,42
-6,92
-20,80
12,10
6,88
-2,78
4,-2
-2,46
18,56
-10,58
-30,6
-4,-2
16,48
26,56
28,52
-8,44
-26,20
-12,8
10,42
8,58
4,38
2,12
18,30
20,-2
-18,90
-4,2
24,14
-30,32
-30,26
22,-4
-14,84
-18,18
-28,82
-10,48
-8,56
-24,6
10,88
-14,34
24,92
-18,36
-34,46
-2,32
-34,64
-18,98
-14,18
-6,-2
-4,76
12,74
12,22
-8,4
-28,38
20,50
-12,54
-30,74
-28,54
-28,30
-6,72
0,48
2,48
-14,80
-12,88
-4,14
10,86
-20,6
-2,48
-8,50
18,94
-8,92
-2,74
-26,2
0,48
18,48
-12,26
-18,14
-32,16
-16,40
30,12
-34,18
-30,14
28,80
4,48
30,88
10,46
32,24
-2,28
-12,76
0,4
-18,34
-16,58
8,38
18,68
6,44
-10,-10
26,16
-20,80
-16,58
2,50
-8,32
16,44
0,8
-6,-2
-34,78
28,52
14,78
-16,40
16,54
16,30
0,16
20,90
-22,86
-30,14
6,8
12,20
-16,68
32,2
16,46
-18,2
-24,26
8,54
-28,4
12,28
16,82
-26,28
-8,64
-24,66
-10,38
-2,-10
-6,48
-16,0
-18,12
14,20
-24,56
-8,36
-32,48
32,38
26,70
18,6
12,68
24,42
16,10
-24,16
28,26
-16,62
-26,44
-6,28
-30,8
-24,46
18,32
-8,28
-28,88
8,66
-12,98
22,20
-26,96
30,14
-22,62
-20,52
0,62
20,32
20,-2
-34,22
-4,8
-18,58
-18,42
16,90
6,76
0,84
12,90
14,56
-10,36
-12,70
32,80
-32,60
10,6
-4,-10
18,70
2,98
-22,36
-16,0
20,52
-30,28
6,6
-20,30
10,8
30,94
30,26
0,14
0,74
-24,64
24,32
28,48
-10,34
-30,34
6,56
10,72
4,-2
-14,50
14,76
8,56
14,56
-26,84
26,32
4,72
-12,68
-16,66
-20,52
-16,62
-24,90
-20,32
8,40
-24,88
-2,70
-4,-4
-12,92
-26,8
-34,46
4,0
6,92
-22,92
12,90
-10,32
-14,-4
-34,2
-8,10
-18,92
-24,84
-18,14
-14,28
-2,-8
8,20
2,64
6,4
4,96
12,54
-20,-6
-2,24
-18,14
12,-6
14,68
8,72
12,64
16,52
26,40
12,-8
-26,52
-18,94
-32,68
-16,84
10,18
10,62
12,2
-22,34
32,46
20,64
2,-8
22,72
30,96
-4,66
0,74
-4,92
10,-6
-26,54
-14,-4
-10,10
12,84
-18,62
2,70
-4,46
6,82
18,88
8,60
-18,22
30,90
-4,0
26,44
-12,68
30,20
4,62
-30,48
-20,6
28,40
18,32
-16,52
-14,92
28,82
8,90
26,54
2,8
-26,68
-4,22
-20,82
16,66
-18,64
14,68
8,84
-26,90
12,88
-4,28
-14,62
-28,92
-34,4
18,0
-28,12
28,36
0,84
6,14
-4,96
24,78
-4,8
-8,16
-2,90
-6,98
22,24
8,24
-14,36
-32,12
4,18
-28,96
2,20
16,74
10,60
22,44
-4,10
-8,42
-30,24
-34,30
-26,64
4,56
32,96
-14,68
4,66
24,80
-4,32
-22,22
12,48
8,32
32,16
2,8
12,78
-34,46
-24,44
18,54
22,80
-22,86
28,52
-14,92
-16,36
24,66
-22,84
-8,-8
14,-8
14,12
-8,-10
-22,60
2,86
-6,6
-2,72
-20,78
16,0
-14,72
2,46
-4,36
28,48
-4,64
-8,32
0,-4
14,-2
24,52
-2,36
18,98
20,76
2,86
6,86
-22,58
26,12
32,56
-28,52
2,-2
4,42
-22,92
-32,34
-30,14
-12,58
-32,88
18,44
6,86
-34,80
26,84
-34,10
-10,72
20,30
0,20
-4,36
-24,-2
-16,66
-4,22
-32,14
-14,68
30,74
-28,8
28,28
0,68
30,90
-8,46
0,-4
-8,86
22,12
-6,88
28,24
-24,88
14,36
-8,60
0,62
6,28
-10,60
12,24
-2,28
4,2
-24,74
-28,58
-12,68
0,24
-30,98
-2,20
-26,4
-32,18
-28,68
-30,82
6,18
-32,56
30,92
-14,42
10,-8
-30,12
-18,40
32,22
16,60
26,38
-6,-12
-22,88
18,80
18,44
-22,-4
-20,62
18,86
28,22
12,66
-14,76
-20,54
-22,90
12,62
-24,32
14,8
-16,20
26,18
18,2
14,-8
-20,44
28,42
-8,50
32,50
-4,-8
20,92
10,16
18,0
-24,38
-28,80
14,16
30,52
8,48
10,16
22,12
-28,74
-18,2
-26,36
-12,96
-4,24
24,60
-24,52
-26,28
-18,14
-26,14
-30,4
-14,44
14,38
-10,8
6,64
16,0
-14,48
4,6
6,22
20,40
32,90
-6,88
10,52
12,0
8,46
-34,26
22,70
-12,50
22,80
-10,12
-18,6
-22,12
2,-8
12,-8
14,68
-28,82
6,22
-20,60
22,24
22,12
-8,48
6,18
24,20
4,24
-10,60
-12,70
2,52
30,92
8,4
-28,8
-26,22
-16,70
-6,42
-22,60
-34,22
20,34
14,56
8,2
-22,0
-14,48
4,44
0,88
14,90
-14,56
8,-4
10,60
20,30
-20,8
24,0
-8,70
26,92
-8,10
-18,58
28,58
-28,88
28,78
-10,90
-10,94
-32,36
-34,82
8,14
8,8
30,34
-4,52
12,22
-14,22
26,58
-8,30
-6,44
-12,40
2,32
-22,90
26,98
12,52
-12,10
-12,50
-6,38
26,16
-16,6
8,30
-8,30
-14,32
30,10
-16,66
6,14
-10,68
-8,74
-4,64
-16,14
4,80
-18,64
6,10
-8,58
18,68
10,44
18,30
-30,26
20,80
-18,92
-20,88
-12,76
-6,86
32,22
8,70
10,2
-10,58
14,24
20,90
-24,58
-10,98
-10,66
-6,82
0,-2
20,78
6,22
-6,56
32,28
30,74
22,62
-34,98
-8,82
30,36
-24,24
-4,50
-24,68
2,54
24,30
20,52
32,52
26,68
6,2
-24,64
4,-8
6,98
32,64
2,42
-18,86
-24,78
24,32
-16,58
-26,76
26,34
-34,28
-16,2
8,42
-34,76
-24,54
-2,68
-2,80
-2,36
30,88
8,-4
-32,44
-30,30
18,54
-30,50
-10,70
0,-2
-16,98
-30,12
32,82
26,8
10,90
12,86
2,20
-34,56
-18,70
-20,48
-8,60
10,70
12,-8
-34,26
14,6
-22,60
0,68
0,94
4,64
-14,82
2,66
18,54
28,72
26,62
6,84
-20,6
12,50
-28,24
-32,52
6,16
-32,68
-4,92
4,82
22,64
20,18
6,94
-16,-8
-12,68
-16,-6
18,74
-26,20
26,88
14,34
-28,80
-16,70
-14,70
-2,34
-18,60
14,40
-28,60
-22,18
32,52
8,12
22,76
18,80
4,4
-8,96
2,4
20,88
-16,72
-10,4
24,20
0,-14
26,32
-12,-8
0,-4
-14,82
10,80
28,38
20,88
24,96
-4,76
-6,94
-8,64
32,62
-10,58
32,66
8,12
-4,14
-30,32
-26,24
-28,22
24,90
-34,90
2,28
12,12
-16,70
-16,14
32,2
30,44
6,24
-8,84
20,92
-26,4
-8,40
-16,-4
32,92
20,90
-20,96
8,86
-12,64
14,72
-18,20
18,72
6,92
-26,4
2,54
24,4
28,84
24,44
16,54
16,56
8,28
26,46
-22,-2
20,52
-24,30
10,90
12,58
-8,-10
-26,74
-24,98
32,96
-14,34
-18,28
-18,8
-20,28
-16,16
-18,24
4,30
22,30
22,46
24,-2
-2,74
24,48
-24,94
32,34
8,76
-6,80
28,48
-34,74
-26,62
8,30
30,34
-4,84
18,80
-34,70
16,42
-22,-2
-6,52
8,58
-14,78
-22,10
-10,72
16,24
16,26
30,46
-16,50
-26,56
30,30
-34,80
-10,-2
-4,62
4,24
-50.3424,-53.8296,2395
-20,-16
-82,-16
-66,-44
-86,-62
-16,-30
-2,-22
-90,-48
-44,-58
-34,-44
-36,-86
-72,-20
-86,-64
-98,-40
-68,-38
-100,-36
-8,-56
-2,-50
-50,-96
-36,-44
-38,-46
-76,-22
-38,-98
-54,-72
-82,-98
-66,-38
-28,-96
-48,-96
-86,-18
-48,-68
-26,-62
-48,-28
-46,-76
-66,-10
-24,-70
-42,-76
-62,-82
-70,-68
-20,-98
-32,-22
-74,-50
-96,-72
-34,-54
-34,-30
-42,-12
-86,-28
-12,-18
-54,-86
-88,-46
-70,-44
-78,-30
-54,-24
-80,-74
-36,-62
-62,-64
-20,-42
-36,-38
-28,-8
-76,-88
-44,-28
-6,-88
-30,-86
-50,-98
-40,-72
-82,-54
-98,-82
-26,-6
-72,-84
-34,-74
-94,-38
-92,-26
-30,-2
-98,-22
-12,-58
-98,-40
-26,-10
-76,-100
-84,-26
-38,-64
-72,-82
-30,-40
-86,-90
-26,-70
-28,-48
-4,-20
-8,-24
-42,-70
-86,-60
-88,-72
-70,-32
-30,-30
-8,-36
-40,-50
-32,-100
-18,-76
-48,-88
-90,-98
-48,-22
-4,-96
-60,-74
-16,-16
-10,-86
-12,-48
-62,-46
-42,-86
-20,-78
-66,-14
-52,-84
-36,-78
-38,-10
-42,-68
-98,-46
-94,-100
-72,-60
-90,-14
-96,-46
-14,-12
-90,-28
-14,-14
-44,-46
-74,-64
-2,-96
-54,-12
-96,-78
-4,-60
-22,-44
-62,-54
-66,-70
-10,-50
-72,-50
-34,-48
-64,-22
-2,-28
-80,-98
-16,-28
-38,-44
-56,-56
-54,-8
-74,-64
-18,-28
-10,-20
-72,-74
-66,-48
-34,-36
-14,-98
-20,-38
-54,-42
-38,-72
-94,-46
-68,-98
-82,-72
-28,-14
-8,-28
-62,-66
-34,-62
-74,-12
-50,-98
-14,-20
-76,-46
-44,-8
-66,-48
-18,-98
-52,-50
-66,-98
-46,-14
-92,-38
-12,-78
-38,-90
-32,-46
-72,-100
-44,-34
-68,-30
-12,-80
-18,-22
-66,-74
-14,-20
-28,-70
-12,-28
-96,-34
-92,-62
-4,-60
-16,-90
-32,-40
-48,-48
-6,-100
-56,-74
-96,-48
-30,-24
-10,-66
-22,-8
-66,-8
-50,-44
-68,-24
-12,-94
-16,-68
-32,-48
-78,-36
-4,-90
-80,-16
-94,-46
-76,-78
-96,-56
-26,-24
-100,-36
-52,-10
-96,-98
-24,-96
-32,-36
-56,-12
-86,-92
-20,-64
-48,-68
-100,-66
-46,-62
-76,-74
-80,-44
-28,-46
-54,-46
-56,-74
-8,-32
-54,-74
-76,-76
-98,-100
-88,-22
-34,-62
-40,-100
-74,-90
-90,-34
-70,-38
-42,-14
-16,-66
-94,-92
-72,-42
-56,-12
-76,-60
-70,-32
-74,-18
-94,-24
-70,-66
-76,-64
-38,-34
-82,-84
-36,-62
-26,-54
-40,-10
-36,-2
-24,-96
-16,-90
-36,-54
-6,-86
-82,-82
-94,-64
-84,-94
-90,-52
-18,-52
-50,-56
-16,-68
-18,-70
-52,-56
-2,-62
-86,-36
-26,-20
-66,-48
-40,-20
-92,-68
-4,-70
-22,-8
-54,-38
-22,-40
-88,-70
-60,-80
-76,-64
-58,-52
-20,-26
-16,-92
-46,-86
-64,-10
-80,-60
-50,-100
-88,-82
-2,-48
-86,-14
-2,-66
-8,-72
-90,-10
-62,-76
-86,-34
-82,-62
-54,-64
-70,-62
-42,-52
-94,-42
-96,-46
-100,-74
-38,-48
-58,-42
-84,-34
-22,-72
-6,-96
-36,-54
-76,-64
-86,-36
-44,-64
-98,-84
-30,-6
-58,-68
-28,-14
-48,-76
-14,-78
-26,-84
-10,-66
-30,-48
-2,-22
-16,-68
-82,-18
-10,-24
-14,-24
-26,-80
-78,-54
-2,-58
-44,-100
-34,-78
-50,-68
-18,-14
-66,-82
-80,-16
-8,-96
-24,-76
-12,-16
-56,-26
-4,-76
-24,-12
-94,-58
-58,-80
-34,-18
-68,-50
-52,-32
-32,-42
-68,-96
-12,-12
-40,-60
-10,-54
-40,-24
-52,-74
-82,-62
-28,-72
-100,-68
-8,-52
-64,-32
-48,-18
-24,-66
-4,-26
-46,-36
-74,-12
-48,-38
-42,-90
-8,-84
-54,-100
-68,-28
-98,-20
-78,-90
-76,-52
-24,-56
-24,-28
-58,-50
-36,-96
-52,-48
-52,-4
-78,-16
-42,-88
-70,-6
-84,-48
-96,-24
-40,-30
-98,-20
-54,-78
-16,-66
-90,-66
-66,-14
-4,-74
-24,-36
-6,-36
-84,-84
-6,-90
-42,-12
-38,-22
-8,-22
-10,-28
-58,-80
-64,-86
-92,-76
-100,-20
-12,-56
-34,-80
-46,-92
-100,-30
-80,-68
-28,-26
-22,-40
-56,-100
-84,-48
-78,-80
-84,-28
-32,-40
-66,-36
-10,-28
-98,-78
-82,-52
-52,-16
-62,-46
-12,-98
-70,-68
-74,-54
-44,-8
-60,-98
-48,-34
-2,-66
-2,-60
-18,-46
-48,-66
-28,-70
-44,-26
-6,-76
-36,-92
-52,-98
-70,-34
-36,-100
-10,-70
-32,-24
-28,-52
-28,-6
-4,-66
-100,-78
-36,-66
-80,-82
-50,-50
-60,-32
-74,-88
-14,-28
-88,-60
-90,-20
-36,-54
-32,-58
-88,-12
-24,-14
-32,-84
-60,-86
-62,-6
-14,-94
-80,-90
-96,-26
-24,-44
-98,-12
-82,-20
-66,-6
-86,-72
-30,-10
-60,-26
-64,-40
-24,-94
-28,-86
-66,-22
-100,-12
-94,-88
-60,-30
-70,-74
-22,-42
-64,-90
-28,-78
-64,-6
-12,-72
-60,-90
-36,-34
-14,-28
-82,-76
-90,-12
-68,-8
-10,-44
-50,-34
-78,-14
-76,-24
-80,-30
-2,-72
-28,-66
-96,-38
-78,-64
-40,-24
-32,-30
-78,-44
-74,-60
-36,-90
-68,-96
-2,-62
-42,-52
-34,-46
-60,-40
-10,-60
-94,-76
-56,-84
-34,0
-58,-20
-28,-80
-12,-46
-20,-94
-50,-42
-54,-30
-14,-44
-82,-44
-48,-30
-30,-90
-26,-18
-76,-80
-64,-18
-68,-50
-54,-6
-80,-96
-12,-78
-48,-92
-6,-30
-30,-76
-96,-74
-28,-78
-36,-92
-44,-6
-86,-12
-10,-78
-90,-64
-92,-40
-62,-22
-26,-88
-42,-2
-82,-42
-4,-24
-82,-72
-92,-38
-64,-80
-64,-56
-22,-98
-70,-86
-100,-84
-64,-46
-56,-32
-22,-58
-66,-80
-32,-90
-38,-92
-64,-80
-56,-98
-66,-10
-60,-48
-56,-14
-86,-66
-8,-88
-44,-90
-22,-66
-86,-66
-18,-80
-14,-16
-30,-28
-4,-42
-66,-96
-20,-48
-56,-60
-36,-58
-38,-28
-14,-80
-46,-10
-18,-38
-70,-62
-14,-44
-64,-80
-36,-16
-26,-70
-4,-50
-76,-38
-4,-72
-80,-74
-36,-20
-86,-58
-96,-38
-96,-80
-48,-22
-12,-52
-66,-68
-30,-20
-38,-24
-10,-78
-52,-4
-16,-12
-78,-22
-74,-30
-58,-80
-36,-92
-4,-38
-42,-70
-68,-84
-88,-76
-28,-36
-92,-38
-76,-18
-40,-50
-12,-36
-30,-78
-4,-84
-68,-40
-20,-66
-98,-58
-42,-52
-100,-44
-18,-20
-24,-86
-98,-78
-58,-30
-28,-16
-44,-58
-30,-14
-50,-96
-94,-98
-36,-52
-28,-12
-26,-82
-58,-70
-54,-50
-16,-24
-10,-16
-16,-18
-36,-92
-30,-66
-4,-48
-56,-28
-14,-26
-8,-44
-68,-44
-98,-68
-54,-100
-18,-86
-80,-12
-80,-94
-28,-84
-30,-32
-68,-88
-80,-34
-20,-42
-100,-54
-58,-96
-100,-82
-50,-20
-98,-18
-100,-98
-48,-48
-74,-22
-88,-30
-80,-32
-80,-68
-42,-84
-58,-60
-42,-54
-64,-48
-42,-78
-66,-34
-98,-90
-98,-18
-24,-66
-40,-50
-62,-100
-32,-30
-42,-26
-22,-28
-84,-94
-16,-26
-72,-92
-38,-48
-22,-26
-88,-58
-64,-90
-22,-62
-16,-72
-74,-30
-58,-60
-16,-74
-66,-36
-10,-70
-10,-38
-72,-62
-22,-8
-24,-34
-60,-68
-100,-60
-60,-88
-48,-96
-4,-44
-54,-90
-20,-82
-10,-88
-42,-68
-92,-66
-50,-62
-6,-46
-36,-90
-60,-40
-64,-98
-74,-42
-76,-52
-16,-66
-62,-82
-28,-72
-70,-48
-62,-94
-20,-14
-74,-94
-92,-74
-28,-42
-80,-100
-66,-8
-8,-78
-66,-72
-88,-74
-74,-88
-86,-86
-76,-36
-18,-56
-48,-18
-74,-74
-34,-32
-2,-82
-60,-94
-92,-18
-10,-62
-32,-8
-52,-88
-16,-62
-18,-100
-48,-60
-66,-22
-94,-90
-18,-42
-92,-40
-78,-60
-26,-94
-24,-52
-70,-40
-62,-48
-94,-96
-24,-42
-76,-8
-16,-76
-86,-20
-58,-48
-60,-52
-46,-38
-24,-22
-76,-12
-78,-8
-52,-66
-16,-70
-66,-46
-78,-90
-90,-58
-88,-14
-36,-28
-50,-56
-74,-42
-10,-100
-6,-82
-92,-48
-48,-24
-2,-94
-10,-96
-32,-68
-54,-40
-78,-44
-8,-22
-6,-52
-36,-18
-54,-16
-66,-62
-62,-86
-62,-20
-28,-94
-74,-46
-92,-48
-72,-66
-26,-72
-66,-62
-30,-92
-48,-2
-90,-94
-62,-98
-50,-50
-90,-36
-62,-34
-72,-26
-50,-94
-26,-90
-50,-84
-6,-74
-74,-90
-60,-10
-60,-14
-52,-42
-20,-56
-84,-64
-48,-32
-58,-48
-84,-64
-26,-14
-18,-28
-42,-50
-84,-90
-100,-56
-52,-98
-40,-42
-66,-14
-60,-50
-16,-20
-14,-70
-54,-74
-76,-20
-8,-76
-78,-22
-92,-12
-66,-66
-32,-6
-22,-88
-44,-32
-50,-22
-16,-50
-74,-42
-78,-42
-38,-48
-18,-42
-74,-50
-52,-30
-92,-26
-80,-90
-62,-100
-90,-14
-76,-50
-98,-22
-32,-24
-96,-34
-22,-48
-10,-36
-78,-100
-36,-32
-90,-64
-70,-98
-2,-20
-82,-94
-4,-96
-4,-46
-22,-70
-100,-42
-46,-24
-64,-86
-78,-30
-16,-98
-14,-24
-20,-34
-100,-44
-84,-30
-88,-64
-62,-64
-52,-10
-46,-68
-12,-44
-76,-50
-6,-80
-74,-48
-24,-64
-38,-80
-92,-86
-82,-12
-68,-72
-40,-42
-64,-94
-96,-46
-18,-8
-38,-94
-32,-72
-100,-20
-92,-72
-80,-80
-28,-12
-16,-96
-8,-58
-72,-10
-24,-92
-52,-30
-54,-4
-34,-70
-80,-84
-16,-42
-94,-18
-82,-86
-94,-14
-40,-16
-26,-72
-50,-92
-40,-78
-54,-52
-24,-70
-26,-46
-8,-94
-22,-16
-100,-86
-92,-32
-8,-22
-82,-38
-48,-68
-38,-54
-22,-32
-10,-80
-66,-88
-80,-64
-68,-56
-6,-28
-30,-68
-86,-82
-22,-82
-78,-34
-22,-26
-30,-72
-20,-22
-64,-100
-62,-16
-80,-66
-80,-94
-66,-46
-42,-76
-86,-34
-6,-70
-18,-84
-96,-66
-70,-6
-96,-66
-50,-36
-38,-86
-56,-6
-60,-22
-66,-76
-50,-68
-96,-42
-58,-54
-84,-56
-94,-84
-58,-82
-50,-20
-62,-98
-28,-38
-12,-90
-30,-28
-28,-80
-70,-86
-66,-16
-92,-28
-60,-48
-38,-88
-50,-42
-14,-86
-38,-90
-34,-24
-88,-16
-20,-96
-72,-42
-94,-92
-2,-30
-20,-70
-50,-54
-2,-52
-92,-34
-48,-86
-92,-14
-32,-88
-50,-20
-8,-58
-86,-88
-8,-28
-68,-92
-18,-40
-84,-64
-8,-24
-20,-38
-84,-44
-32,-10
-40,-76
-32,-22
-56,-18
-92,-84
-84,-100
-88,-52
-12,-18
-90,-86
-84,-50
-74,-94
-34,0
-6,-40
-16,-48
-54,-100
-18,-18
-54,-92
-40,-46
-70,-56
-40,-64
-18,-72
-22,-12
-78,-40
-100,-82
-48,-100
-50,-72
-66,-20
-44,-26
-28,-20
-76,-16
-8,-20
-14,-32
-34,-42
-64,-10
-6,-84
-26,-76
-50,-76
-16,-30
-14,-78
-28,-12
-8,-48
-34,-12
-14,-70
-38,-82
-2,-50
-78,-64
-2,-76
-40,-68
-44,-76
-2,-52
-22,-16
-2,-52
-66,-50
-48,-62
-90,-54
-80,-94
-2,-52
-92,-70
-36,-30
-36,-2
-50,-46
-84,-52
-58,-12
-98,-44
-10,-14
-52,-34
-28,-26
-22,-30
-96,-12
-94,-26
-72,-96
-32,-60
-60,-48
-38,-94
-90,-50
-20,-88
-20,-54
-62,-68
-78,-8
-28,-76
-86,-96
-48,-26
-34,-62
-62,-16
-36,-74
-68,-34
-92,-94
-72,-80
-76,-26
-2,-46
-4,-32
-42,-18
-16,-80
-24,-64
-92,-32
-90,-20
-68,-46
-94,-90
-64,-72
-86,-28
-38,-98
-34,-58
-10,-28
-26,-68
-54,-68
-38,-14
-22,-74
-64,-90
-36,-70
-74,-48
-8,-42
-66,-74
-56,-80
-4,-56
-18,-58
-32,-14
-42,-34
-6,-100
-60,-34
-66,-42
-32,-54
-22,-98
-86,-12
-70,-12
-100,-34
-46,-36
-50,-28
-20,-76
-96,-32
-36,-48
-84,-66
-80,-18
-6,-30
-34,-80
-36,-24
-2,-22
-38,-28
-56,-84
-80,-26
-88,-46
-22,-52
-54,-22
-84,-44
-56,-18
-72,-32
-32,-56
-28,-72
-88,-56
-16,-16
-20,-50
-18,-70
-72,-82
-58,-60
-48,-32
-88,-92
-84,-94
-82,-86
-98,-40
-56,-6
-60,-44
-72,-18
-6,-26
-68,-26
-80,-42
-42,-98
-62,-36
-10,-58
-94,-58
-22,-18
-54,-30
-18,-46
-86,-14
-36,-68
-84,-88
-70,-48
-28,-54
-70,-82
-92,-100
-28,-82
-40,-86
-2,-48
-56,-78
-16,-80
-16,-94
-94,-14
-20,-30
-46,-84
-8,-32
-52,-12
-12,-76
-12,-58
-16,-72
-42,-26
-66,-34
-90,-28
-76,-54
-38,-8
-74,-14
-30,-84
-74,-86
-96,-30
-24,-64
-76,-24
-22,-100
-52,-88
-100,-58
-34,-84
-82,-54
-52,-28
-30,-44
-4,-94
-70,-12
-100,-98
-48,-60
-28,-20
-56,-8
-22,-98
-48,-68
-82,-64
-80,-72
-90,-18
-46,-62
-68,-74
-8,-38
-58,-26
-58,-52
-72,-78
-42,-56
-72,-14
-86,-92
-60,-60
-88,-18
-26,-50
-90,-10
-32,-58
-58,-16
-82,-100
-14,-78
-94,-84
-38,-34
-46,-14
-98,-82
-46,-62
-92,-16
-2,-26
-96,-66
-36,-20
-12,-30
-78,-48
-94,-96
-24,-68
-42,-56
-66,-62
-28,-60
-18,-96
-34,-80
-86,-60
-88,-54
-88,-44
-74,-40
-8,-30
-20,-82
-38,-16
-66,-54
-18,-60
-28,-32
-90,-100
-60,-36
-46,-56
-60,-98
-86,-40
-14,-48
-26,-100
-24,-60
-78,-50
-32,-52
-50,-82
-30,-78
-60,-6
-92,-78
-40,-32
-84,-64
-46,-20
-66,-70
-94,-32
-10,-18
-92,-54
-32,-80
-18,-40
-36,-88
-40,-80
-20,-72
-36,-72
-6,-78
-76,-86
-76,-74
-80,-8
-8,-54
-80,-54
-28,-76
-24,-80
-98,-96
-50,-74
-96,-26
-56,-14
-40,-56
-10,-68
-86,-58
-50,-12
-14,-88
-50,-82
-72,-28
-20,-98
-68,-60
-20,-64
-12,-84
-30,-70
-66,-88
-2,-32
-30,-44
-32,-90
-82,-20
-42,-56
-64,-36
-40,-94
-84,-88
-96,-22
-24,-46
-100,-86
-92,-88
-6,-34
-68,-18
-2,-98
-90,-66
-10,-40
-32,-42
-66,-10
-8,-68
-20,-36
-24,-98
-42,-16
-26,-92
-6,-90
-12,-20
-54,-34
-16,-66
-80,-56
-20,-58
-68,-34
-40,-24
-44,-6
-68,-94
-88,-72
-88,-78
-34,-78
-30,-78
-16,-22
-64,-86
-76,-90
-50,-94
-58,-58
-100,-38
-92,-76
-56,-88
-44,-32
-18,-46
-56,-12
-80,-84
-16,-28
-70,-94
-2,-28
-76,-88
-90,-78
-86,-40
-42,-94
-88,-28
-26,-52
-6,-50
-6,-100
-26,-88
-70,-8
-84,-76
-74,-60
-12,-100
-34,-100
-88,-30
-88,-50
-78,-32
-72,-90
-28,-42
-84,-54
-74,-36
-38,-88
-20,-66
-22,-24
-86,-94
-58,-80
-46,-14
-58,-4
-16,-68
-36,-56
-40,-40
-72,-96
-26,-60
-50,-40
-72,-92
-66,-74
-54,-98
-22,-30
-94,-44
-64,-56
-36,-94
-42,-36
-84,-100
-38,-42
-54,-48
-18,-18
-28,-44
-98,-14
-84,-64
-38,-16
-78,-62
-72,-62
-40,-84
-8,-50
-16,-22
-62,-46
-34,-48
-92,-52
-48,-66
-98,-90
-58,-18
-36,-72
-62,-60
-88,-98
-6,-86
-58,-16
-80,-60
-34,-66
-60,-44
-94,-42
-90,-98
-36,-24
-56,-16
-74,-98
-82,-10
-28,-68
-32,-24
-72,-94
-30,-56
-92,-90
-18,-78
-86,-22
-36,-28
-100,-40
-12,-88
-50,-32
-6,-44
-32,-96
-20,-100
-50,-4
-58,-8
-74,-36
-28,-16
-78,-96
-58,-20
-36,-52
-96,-54
-32,-24
-36,-72
-56,-44
-88,-64
-98,-60
-68,-42
-26,-82
-12,-76
-54,-16
-26,-58
-92,-60
-50,-38
-62,-70
-62,-58
-48,-22
-58,-52
-78,-92
-86,-10
-54,-92
-40,-90
-74,-34
-50,-72
-52,-50
-86,-66
-58,-12
-54,-68
-100,-20
-82,-18
-54,-32
-64,-72
-34,-16
-78,-100
-60,-66
-50,-76
-46,-14
-62,-80
-10,-76
-86,-92
-30,-34
-6,-22
-10,-60
-46,-48
-10,-30
-10,-38
-60,-88
-54,-78
-42,-32
-94,-16
-38,-6
-24,-78
-100,-28
-6,-74
-56,-16
-34,-38
-36,-16
-50,-28
-8,-78
-60,-84
-56,-26
-24,-90
-26,-86
-82,-62
-72,-50
-16,-56
-34,-62
-68,-12
-78,-36
-64,-82
-6,-72
-12,-68
-50,-28
-50,-96
-6,-50
-98,-20
-80,-52
-64,-20
-36,-56
-60,-26
-58,-38
-52,-10
-92,-68
-4,-86
-68,-54
-10,-48
-82,-74
-2,-90
-76,-100
-6,-86
-88,-30
-22,-42
-22,-66
-78,-76
-20,-12
-8,-98
-90,-50
-10,-80
-70,-82
-48,-24
-22,-50
-50,-62
-4,-70
-66,-64
-98,-88
-30,-46
-46,-12
-88,-14
-32,-98
-30,-12
-60,-84
-26,-98
-50,-26
-44,-90
-58,-94
-46,-78
-84,-76
-30,-86
-42,-44
-32,-20
-14,-40
-12,-28
-8,-94
-6,-98
-80,-18
-64,-88
-48,-22
-2,-94
-86,-42
-56,-34
-98,-100
-80,-68
-68,-88
-18,-46
-38,-56
-96,-76
-92,-38
-2,-84
-48,-84
-26,-52
-48,-94
-30,-34
-2,-82
-82,-44
-70,-46
-36,-94
-50,-32
-44,-60
-70,-26
-42,-20
-28,-30
-48,-56
-60,-80
-36,-38
-74,-56
-52,-6
-86,-72
-88,-46
-56,-100
-48,-34
-12,-86
-20,-34
-68,-66
-26,-90
-80,-84
-32,-70
-36,-62
-74,-60
-28,-38
-56,-56
-54,-70
-44,-68
-98,-20
-4,-84
-48,-8
-72,-22
-6,-62
-64,-56
-14,-34
-88,-64
-44,-72
-100,-54
-68,-30
-10,-74
-48,-42
-62,-32
-54,-56
-86,-66
-40,-30
-84,-54
-74,-70
-6,-70
-74,-98
-24,-86
-86,-96
-88,-96
-16,-26
-74,-14
-46,-80
-34,-28
-78,-78
-96,-58
-16,-96
-64,-32
-4,-80
-76,-88
-18,-36
-68,-40
-76,-38
-98,-34
-38,-40
-78,-24
-12,-78
-84,-16
-24,-38
-8,-96
-2,-82
-100,-58
-60,-70
-30,-30
-40,-24
-88,-48
-54,-56
-98,-12
-52,-70
-12,-32
-36,-66
-54,-100
-24,-68
-28,-56
-32,-48
-8,-44
-54,-46
-34,-54
-4,-72
-86,-98
-80,-10
-2,-38
-18,-88
-12,-68
-30,-6
-14,-98
-68,-50
-50,-60
-76,-34
-40,-88
-28,-70
-50,-82
-42,-34
-42,-36
-70,-76
-94,-76
-50,-44
-64,-16
-12,-32
-78,-80
-72,-84
-32,-42
-84,-52
-34,-26
-58,-12
-36,-98
-80,-98
-72,-30
-38,-20
-64,-8
-48,-76
-100,-38
-44,-20
-40,-2
-62,-48
-68,-10
-38,-86
-82,-48
-20,-60
-54,-58
-80,-48
-66,-62
-26,-8
-36,-16
-92,-76
-78,-94
-62,-58
-34,-70
-66,-16
-58,-80
-98,-66
-56,-64
-100,-26
-88,-72
-10,-38
-64,-84
-82,-86
-92,-24
-64,-94
-4,-22
-96,-18
-18,-26
-14,-100
-78,-56
-72,-28
-34,-2
-36,-56
-62,-12
-16,-30
-54,-82
-62,-18
-88,-20
-80,-56
-26,-64
-16,-52
-94,-70
-46,-16
-94,-74
-100,-28
-42,-100
-86,-64
-42,-34
-48,-16
-40,-56
-54,-54
-58,-52
-46,-76
-86,-76
-50,-48
-20,-42
-66,-8
-6,-22
-30,-14
-58,-80
-58,-20
-98,-54
-44,-94
-94,-62
-28,-70
-50,-60
-98,-14
-32,-100
-88,-90
-86,-96
-72,-68
-70,-86
-6,-90
-24,-80
-62,-6
-68,-38
-84,-64
-28,-58
-52,-18
-62,-26
-6,-94
-12,-46
-32,-88
-28,-14
-68,-26
-54,-46
-34,-22
-24,-14
-86,-100
-24,-38
-6,-18
-66,-10
-20,-88
-36,-72
-78,-56
-82,-80
-36,-16
-70,-26
-12,-76
-12,-12
-68,-64
-32,-92
-66,-74
-20,-48
-54,-74
-84,-28
-40,-52
-54,-92
-44,-18
-64,-24
-100,-40
-32,-40
-2,-98
-14,-82
-12,-92
-12,-88
-16,-54
-88,-68
-42,-52
-70,-84
-14,-94
-44,-72
-4,-26
-52,-56
-2,-96
-22,-28
-68,-34
-4,-84
-100,-18
-46,-74
-86,-28
-32,-66
-42,-32
-64,-64
-18,-78
-66,-92
-16,-32
-74,-62
-50,-10
-42,-96
-4,-52
-2,-96
-22,-100
-74,-98
-22,-98
-40,-80
-78,-70
-78,-94
-80,-62
-94,-12
-76,-98
-24,-70
-40,-24
-56,-50
-82,-40
-2,-70
-40,-74
-36,-22
-78,-64
-38,-28
-46,-38
-18,-38
-62,-40
-74,-42
-28,-20
-50,-64
-86,-82
-88,-90
-42,-70
-12,-38
-24,-48
-44,-48
-34,-50
-74,-56
-10,-90
-92,-42
-16,-70
-98,-38
-80,-30
-18,-50
-66,-62
-32,-24
-62,-16
-74,-36
-24,-66
-90,-94
-54,-48
-34,-82
-80,-14
-28,-50
-72,-94
-54,-38
-16,-58
-30,-82
-22,-96
-48,-72
-42,-32
-46,-30
-84,-48
-74,-60
-76,-78
-40,-16
-32,-8
-6,-40
-74,-98
-60,-64
-94,-84
-74,-52
-94,-54
-10,-98
-44,-84
-88,-30
-66,-98
-48,-74
-68,-52
-68,-96
-70,-18
-36,-52
-96,-86
-10,-84
-82,-42
-66,-50
-100,-60
-84,-28
-32,-14
-64,-52
-16,-72
-10,-48
-42,-56
-36,-12
-88,-14
-98,-88
-64,-32
-10,-70
-62,-38
-52,-6
-60,-96
-18,-24
-22,-100
-98,-74
-66,-34
-74,-52
-48,-44
-56,-56
-44,-14
-36,-70
-4,-26
-52,-80
-26,-64
-28,-28
-100,-46
-72,-74
-38,-26
-56,-22
-56,-14
-84,-40
-16,-50
-46,-32
-84,-82
-94,-20
-72,-52
-68,-60
-78,-8
-60,-74
-38,-10
-10,-52
-30,-8
-76,-34
-58,-80
-58,-68
-58,-22
-96,-54
-40,-50
-80,-46
-80,-82
-34,-26
-68,-18
-42,-52
-28,-78
-44,-6
-90,-78
-10,-24
-30,-78
-90,-46
-48,-30
-70,-14
-2,-26
-10,-12
-70,-76
-44,-18
-52,-82
-28,-50
-48,-90
-60,-74
-16,-26
-96,-100
-60,-76
-64,-44
-38,-100
-96,-58
-74,-42
-28,-46
-36,-74
-54,-58
-38,-84
-34,-22
-36,-52
-38,-26
-92,-38
-92,-74
-72,-52
-32,-6
-16,-88
-44,-58
-4,-54
-74,-76
-6,-28
-28,-94
-20,-32
-82,-46
-50,-76
-68,-48
-86,-80
-82,-50
-18,-36
-62,-10
-66,-58
-46,-60
-12,-96
-84,-58
-80,-40
-28,-26
-20,-90
-48,-62
-66,-86
-88,-74
-72,-38
-94,-80
-60,-98
-76,-94
-18,-44
-42,-40
-26,-18
-100,-24
-30,-82
-32,-40
-94,-20
-20,-82
-66,-42
-34,-14
-88,-42
-70,-42
-32,-82
-4,-40
-2,-88
-100,-78
-94,-14
-84,-52
-92,-44
-54,-20
-28,-88
-4,-32
-28,-6
-88,-62
-16,-44
-40,-94
-24,-96
-6,-84
-18,-38
-56,-16
-64,-20
-16,-86
-12,-64
-32,-46
-88,-80
-96,-72
-60,-20
-92,-98
-90,-16
-20,-68
-74,-38
-46,-8
-66,-58
-72,-72
-50,-94
-100,-46
-42,-10
-18,-94
-94,-98
-8,-68
-14,-36
-34,-38
-4,-30
-4,-30
-62,-98
-10,-34
-38,-50
-40,-28
-24,-38
-38,-28
-62,-96
-16,-78
-16,-42
-50,-74
-4,-48
-100,-70
-100,-16
-32,-20
-34,-32
-68,-34
-38,-66
-14,-12
-14,-26
-32,-94
-76,-88
-88,-12
-96,-90
-34,-52
-30,-76
-26,-54
-50,-98
-16,-38
-88,-70
-28,-86
-18,-24
-90,-36
-26,-80
-72,-84
-90,-80
-76,-100
-36,-14
-90,-56
-30,-76
-16,-18
-52,-38
-12,-86
-88,-66
-94,-14
-56,-20
-58,-40
-54,-58
-88,-20
-14,-12
-68,-14
-78,-18
-94,-66
-42,-26
-98,-92
-24,-32
-54,-12
-40,-86
-94,-10
-90,-48
-28,-58
-52,-94
-16,-68
-18,-52
-14,-66
-64,-66
-68,-44
-64,-66
-26,-38
-6,-92
-2,-64
-52,-14
-96,-72
-98,-58
-24,-28
-38,-12
-40,-52
-2,-40
-90,-92
-28,-68
-100,-74
-60,-76
-62,-22
-60,-16
-36,-72
-84,-12
-64,-52
-24,-12
-34,-58
-60,-34
-56,-14
-36,-14
-84,-78
-32,-8
-6,-68
-70,-92
-12,-42
-4,-56
-98,-28
-52,-78
-12,-100
-44,-90
-86,-50
-48,-46
-32,-98
-34,-24
-44,-18
-78,-14
-32,-48
-52,-38
-30,-20
-12,-38
-86,-22
-26,-50
-20,-54
-38,-44
-96,-76
-12,-52
-54,-10
-16,-44
-38,-28
-74,-22
-32,-56
-18,-70
-32,-48
-94,-76
-76,-86
-12,-32
-20,-82
-80,-54
-78,-66
-32,-8
-24,-90
-54,-32
-20,-58
-92,-90
-30,-94
-72,-8
-24,-84
-66,-40
-98,-44
-34,-74
-16,-100
-12,-60
-46,-56
-100,-72
-82,-56
-38,-86
-4,-98
-28,-32
-74,-88
-74,-100
-32,-18
-30,-76
-66,-62
-54,-82
-16,-22
-14,-96
-86,-66
-86,-42
-36,-94
-56,-12
-48,-78
-82,-90
-14,-50
-10,-32
-18,-16
-88,-38
-8,-76
-12,-70
-26,-100
-68,-88
-8,-88
-60,-44
-24,-90
-74,-56
-20,-84
-54,-26
-84,-86
-98,-92
-36,-66
-60,-76
-24,-52
-6,-30
-92,-30
-2,-22
-36,-38
-36,-52
-92,-42
-84,-72
-52,-76
-62,-24
-58,-80
-98,-92
-30,-56
-16,-58
-38,-44
-8,-48
-16,-40
-30,-66
-28,-14
-24,-44
-18,-12
-30,-30
-70,-72
-12,-56
-38,-86
-64,-8
-34,-48
-18,-20
-94,-54
-74,-98
-48,-8
-60,-90
-74,-32
-100,-56
-28,-34
-70,-66
-86,-30
-48,-94
-90,-12
-78,-70
-30,-96
-8,-52
-50,-60
-48,-18
-70,-58
-46,-80
-48,-14
-60,-34
-52,-64
-58,-50
-72,-48
-54,-4
-38,-100
-34,-74
-70,-78
-28,-50
-96,-22
-14,-36
-36,-88
-64,-36
-64,-88
-80,-86
-26,-32
-24,-30
-78,-24
-64,-70
-32,-28
-100,-70
-12,-52
-86,-32
-16,-68
-72,-66
-30,-88
-22,-16
-96,-12
-44,-32
-92,-76
-64,-82
-8,-28
-34,-64
-90,-92
-48,-62
-40,-48
-20,-90
-86,-40
-24,-12
-4,-54
-42,-14
-74,-68
-50,-86
-94,-38
-10,-26
-82,-30
-44,-64
-18,-68
-2,-96
-80,-32
-20,-24
-76,-28
-68,-100
-8,-20
66.5252,45.5441,1705
48,50
94,8
54,28
56,60
82,2
64,32
36,98
34,40
52,-2
90,90
90,86
76,4
86,34
86,64
88,20
90,68
76,30
56,96
56,98
40,64
74,24
40,94
78,0
52,68
90,70
94,30
92,82
46,60
78,52
98,0
48,36
84,42
76,42
44,70
66,16
88,8
34,40
88,12
66,58
70,48
92,80
74,24
86,96
60,48
40,36
88,48
56,62
34,24
38,92
54,40
94,12
76,36
86,92
34,60
64,96
58,-2
76,14
72,82
94,96
56,72
56,2
56,72
72,16
78,10
60,56
74,80
90,68
50,52
74,36
70,2
54,84
86,28
42,58
48,20
74,20
72,56
90,14
34,32
96,50
78,78
48,74
40,46
54,2
46,6
88,28
50,58
78,4
88,44
74,42
94,10
58,48
94,72
66,32
40,76
76,12
38,82
68,0
72,82
72,-6
50,62
62,32
34,68
84,56
86,84
98,66
82,92
52,32
74,6
52,88
74,42
90,18
76,12
76,10
70,44
42,92
40,88
60,38
60,36
94,76
60,14
88,86
40,62
40,80
70,8
90,72
72,56
68,6
66,60
56,80
66,88
70,32
66,26
98,16
68,64
80,38
38,58
72,82
42,72
42,66
38,64
58,76
50,8
36,90
96,48
48,68
50,98
38,18
94,-6
40,20
42,98
48,18
92,60
78,28
86,20
70,0
44,56
60,90
54,54
90,32
86,50
40,88
52,68
96,78
74,84
92,40
42,14
56,64
62,30
74,46
38,70
66,42
52,26
70,24
74,10
72,18
46,66
86,70
68,2
36,20
72,76
68,46
70,50
56,20
62,76
34,8
94,58
78,96
62,24
74,8
58,90
52,2
40,18
44,32
96,88
72,0
72,50
96,-2
66,6
60,16
34,38
54,22
60,98
54,24
42,54
60,64
66,72
84,24
90,-2
60,50
82,80
54,74
40,96
42,52
50,84
52,8
90,18
80,66
34,84
88,96
52,76
98,46
94,86
82,-2
66,16
38,6
72,26
62,66
52,90
82,72
34,46
94,84
60,-2
64,78
88,60
62,76
68,20
90,50
42,22
86,54
68,44
36,86
88,44
92,-2
70,92
86,92
94,-2
86,12
62,66
96,84
36,34
86,36
54,70
40,76
84,36
88,26
62,22
60,90
58,52
40,72
76,28
86,60
62,2
66,46
76,26
92,24
92,48
64,20
46,44
72,90
98,28
54,-2
88,64
98,20
76,8
82,22
58,78
98,46
72,26
50,40
66,-4
94,18
58,2
74,22
62,10
78,10
36,90
72,72
96,6
38,86
66,18
94,70
98,14
62,18
86,20
94,68
92,-6
52,68
72,64
76,8
80,38
62,60
54,66
82,60
96,32
50,10
66,46
80,54
94,26
66,60
38,78
80,58
62,80
36,40
50,92
78,72
70,-2
90,26
96,-6
88,30
88,2
52,58
70,82
86,76
70,58
76,96
96,12
54,54
34,2
60,80
48,64
94,84
84,90
78,26
70,16
40,10
50,24
64,-4
34,32
74,98
74,12
54,30
90,98
36,36
86,36
68,20
56,38
54,66
80,20
92,0
74,92
84,68
58,8
34,12
92,26
80,78
80,66
82,60
80,28
90,78
62,54
74,52
96,4
68,98
92,38
58,24
38,28
46,48
36,74
58,78
78,86
48,50
72,18
50,76
44,84
92,-2
84,82
36,98
52,88
80,82
40,46
78,26
86,16
44,78
50,42
60,-2
40,82
58,68
58,30
90,76
92,58
52,4
38,42
52,0
92,2
66,88
52,4
46,58
44,94
42,12
88,-2
80,46
40,82
50,36
84,98
44,80
82,90
38,50
96,76
86,48
50,96
88,50
46,70
44,18
56,44
36,78
64,82
52,0
82,20
52,66
62,34
56,12
98,12
64,32
52,12
36,68
96,76
82,6
56,88
72,72
54,82
92,50
56,-2
60,96
44,88
86,20
52,78
96,32
40,70
36,66
78,74
36,94
52,48
68,52
78,40
74,80
44,18
76,22
56,74
60,38
86,50
94,56
34,92
58,62
40,6
78,28
76,26
70,84
38,24
80,66
46,80
34,22
80,56
56,30
94,40
80,16
54,88
96,2
38,26
42,22
96,-2
72,6
62,30
56,66
54,12
92,72
86,2
62,24
86,44
70,94
86,-6
64,-4
80,24
84,40
34,14
84,38
74,38
42,84
66,76
56,2
38,52
72,34
98,76
92,-2
40,32
72,28
62,22
70,36
84,72
40,96
92,78
46,68
42,22
48,28
54,86
36,46
50,28
42,82
72,74
58,76
66,50
44,42
54,94
56,36
92,40
80,38
98,70
74,78
92,80
68,28
90,14
66,86
58,2
74,62
86,74
60,64
80,14
46,58
34,14
40,16
36,78
44,64
68,50
38,52
34,66
50,10
50,54
40,8
84,32
50,76
98,64
44,92
68,62
76,10
56,34
74,24
80,52
74,40
70,40
90,84
82,78
92,40
66,66
98,-4
54,60
58,54
58,74
76,38
44,6
36,36
46,30
84,88
40,0
36,58
68,0
72,18
96,72
72,4
50,62
60,84
96,78
66,92
74,94
46,44
68,68
72,20
92,80
58,80
50,14
72,48
84,28
62,82
52,14
76,66
76,50
88,56
60,56
48,54
74,14
74,62
48,16
92,26
80,40
46,24
86,58
50,98
56,2
90,18
50,2
54,46
80,80
58,10
88,84
46,10
60,92
96,40
94,20
54,22
74,68
92,22
78,94
90,88
64,54
60,44
80,66
72,34
48,30
98,4
78,26
82,16
94,22
48,12
50,10
96,24
78,-6
74,74
88,80
58,40
64,58
94,52
42,20
64,4
70,32
40,2
90,88
42,40
78,48
48,78
64,38
42,62
38,36
42,54
90,68
90,60
54,28
72,4
94,66
64,66
58,50
54,42
64,12
36,62
76,10
44,20
70,36
80,68
60,98
36,88
86,14
64,14
66,34
56,66
56,88
40,42
62,26
66,42
50,14
48,4
90,88
62,20
44,34
80,50
48,58
44,0
92,54
70,82
86,58
80,6
98,-8
96,68
88,86
42,20
52,74
86,54
62,6
84,30
82,44
38,66
78,78
86,40
82,94
38,30
70,80
82,4
76,-6
56,34
54,28
90,44
88,2
70,14
84,6
34,96
84,4
64,48
82,-6
88,78
62,16
54,0
76,74
62,6
72,22
54,2
58,32
36,74
98,94
40,76
76,66
70,28
48,26
56,64
38,12
64,16
34,30
34,6
76,22
98,72
68,26
48,20
92,62
34,78
56,24
68,38
48,30
36,30
86,0
70,20
58,84
64,70
76,-4
94,12
50,48
72,98
84,8
84,70
60,44
74,30
90,30
96,84
72,82
94,58
96,64
62,72
42,82
78,70
70,14
82,88
94,48
38,64
62,8
58,82
64,24
82,36
68,12
68,32
84,0
90,16
88,60
66,56
66,68
90,20
74,48
92,32
92,10
58,20
96,40
38,40
34,50
44,42
52,30
60,86
40,44
48,22
54,2
96,46
44,66
70,84
34,78
64,12
44,86
72,66
74,76
48,62
92,86
86,30
46,96
68,74
82,52
38,12
86,30
48,32
52,16
92,64
78,-4
56,2
50,16
76,2
82,8
54,28
92,42
40,42
72,78
76,6
54,54
94,66
74,18
92,16
44,8
52,68
62,42
82,24
50,50
46,24
40,42
64,64
46,60
34,6
66,80
42,46
38,0
88,28
96,76
78,10
96,34
50,18
36,54
38,60
94,66
86,72
50,16
86,8
98,10
66,10
86,-6
76,78
66,76
72,20
72,6
76,-6
82,78
54,70
86,24
62,60
42,68
70,2
86,64
48,36
54,48
48,60
66,72
80,38
56,32
52,28
44,42
58,0
70,66
62,42
82,-2
56,70
94,12
90,64
38,34
46,32
34,8
50,40
76,88
44,50
52,22
84,78
46,92
40,64
86,-2
82,66
96,74
80,48
38,58
98,50
36,38
34,38
94,90
44,32
92,2
88,68
80,86
78,20
84,50
44,54
70,28
34,24
88,-4
52,54
94,54
88,32
94,96
80,22
74,26
50,64
34,78
78,24
72,94
76,46
80,94
36,2
96,20
78,62
92,18
46,64
96,46
90,84
52,26
68,14
80,56
34,88
48,2
92,80
72,82
84,70
34,76
94,92
36,80
86,4
62,66
76,18
74,96
56,60
92,34
54,24
48,92
68,70
90,8
58,12
84,76
68,88
40,92
46,74
80,18
92,76
88,84
68,54
92,46
94,42
52,86
52,6
46,14
48,58
38,8
96,72
78,60
36,24
92,98
76,30
36,36
36,62
34,88
74,10
74,20
70,38
98,28
70,16
90,68
56,16
62,84
64,38
50,16
46,68
94,62
58,66
42,38
60,36
54,46
70,-4
88,96
66,56
90,26
60,20
44,48
78,46
66,86
74,52
42,12
72,14
86,2
58,12
34,50
76,20
90,66
84,80
92,94
42,82
78,38
38,90
66,96
82,42
66,92
60,76
52,44
90,-4
82,6
38,62
88,24
38,26
90,10
54,14
48,86
74,62
56,88
88,18
84,90
94,34
74,44
56,76
88,82
52,28
38,4
68,92
40,40
94,74
48,86
52,94
60,84
76,86
96,46
82,60
78,82
96,88
78,42
40,46
70,64
72,72
42,76
40,96
38,10
84,10
76,-2
58,34
66,56
76,18
48,2
86,60
92,2
78,18
66,12
56,90
52,50
60,8
42,48
70,50
92,-4
62,78
82,62
56,90
98,-10
74,68
64,84
78,40
34,90
86,20
94,36
50,6
42,10
90,16
98,56
82,60
94,60
96,-10
80,74
68,80
70,-2
82,0
36,10
40,24
38,18
62,94
98,30
70,54
88,66
42,92
56,38
74,58
92,56
70,26
76,-2
54,42
52,44
56,52
64,76
60,68
90,28
68,16
96,14
34,92
82,68
52,14
56,54
46,4
68,64
60,82
68,64
74,22
98,66
60,46
56,10
74,20
56,22
74,24
56,72
42,2
38,98
88,18
92,2
86,14
62,-4
92,2
98,64
40,38
82,14
54,56
40,84
88,-6
86,24
38,54
44,78
84,76
50,4
36,70
98,88
46,62
44,42
80,6
54,36
58,46
90,40
78,96
38,34
78,90
38,74
54,24
34,86
78,98
78,30
92,88
64,54
72,32
50,6
60,88
68,84
36,38
78,0
92,12
48,20
60,46
98,30
66,-2
96,32
84,-8
94,32
34,32
98,52
82,24
98,10
40,96
64,58
76,76
72,62
56,62
36,26
74,66
60,56
54,2
46,90
38,32
48,82
46,10
80,98
38,90
36,40
88,24
52,6
44,48
44,72
56,90
66,2
88,-2
62,2
88,80
44,72
54,30
84,82
68,34
44,74
64,78
64,86
46,84
76,80
80,48
96,14
92,98
72,0
88,54
70,0
36,36
86,24
76,44
40,22
36,20
54,34
72,82
90,56
62,34
42,94
34,58
50,14
98,78
94,32
48,72
44,94
90,2
70,18
96,-10
38,74
92,32
44,56
62,40
52,82
54,94
66,12
52,24
96,70
82,48
56,24
46,28
52,8
48,16
90,64
64,56
58,80
34,38
58,92
40,54
70,4
46,42
82,94
56,0
94,16
86,96
70,40
82,32
96,92
92,54
80,76
34,18
74,0
60,-4
60,14
98,0
86,68
76,84
94,98
96,30
56,60
82,86
78,44
92,92
98,84
48,4
42,12
64,56
72,76
48,48
74,66
74,-4
40,94
88,2
72,40
96,64
94,86
94,-4
34,46
84,66
94,20
66,64
82,64
80,32
94,96
70,76
58,4
42,26
48,72
74,12
64,78
44,46
46,86
70,-4
98,-8
70,54
82,0
64,34
40,44
48,40
68,76
94,94
98,52
94,4
70,-4
40,8
58,16
48,42
86,26
70,32
92,22
92,72
60,30
58,-2
56,50
80,14
42,6
46,94
46,22
38,26
40,48
38,0
42,40
34,64
88,46
56,30
50,10
56,22
40,62
66,24
54,2
40,54
98,98
92,30
38,38
94,26
46,18
86,48
78,32
74,10
86,98
70,4
94,54
36,98
76,42
54,76
98,92
42,8
38,44
52,62
42,42
82,80
76,38
38,88
56,68
64,94
76,4
64,56
74,72
68,10
66,22
64,-4
72,76
72,36
70,50
58,24
52,34
42,40
64,62
76,76
34,6
64,62
62,10
82,56
78,-2
34,86
76,96
70,76
88,64
74,84
36,20
76,80
70,42
58,34
70,0
76,78
68,46
56,48
58,70
54,32
56,-2
46,68
68,2
88,38
62,66
74,98
48,94
74,66
98,28
70,72
40,32
76,84
40,6
40,88
72,76
46,60
58,82
98,-6
70,76
78,52
60,70
56,12
58,42
68,-2
58,26
76,-2
60,24
84,40
56,98
46,20
36,84
90,26
88,32
38,72
96,46
52,60
68,40
54,86
84,16
64,24
64,68
88,72
44,60
40,2
58,50
94,4
52,72
76,52
82,68
46,54
42,26
64,6
98,-4
46,12
50,78
52,56
64,94
96,50
90,0
46,10
82,54
88,68
96,56
84,92
40,56
94,48
34,22
46,16
48,2
50,54
92,92
86,90
98,64
44,72
88,20
48,14
34,92
68,88
72,48
44,26
66,70
60,24
72,74
62,2
40,60
86,20
52,14
62,38
78,40
72,58
36,8
44,48
70,28
46,52
50,28
50,92
78,62
98,32
84,26
92,-2
94,26
94,94
42,32
44,14
52,22
46,42
54,50
52,34
60,56
78,40
76,78
94,54
46,34
74,28
94,94
44,88
90,38
48,10
82,28
76,42
82,-6
56,46
60,82
56,0
72,78
58,4
60,80
38,14
74,26
80,74
80,84
66,8
96,64
62,30
54,76
34,52
42,72
64,96
84,42
94,90
82,40
78,66
92,50
98,48
38,6
74,14
90,58
44,50
70,46
74,14
34,62
86,14
70,22
34,54
38,64
74,-4
86,78
86,76
88,76
94,56
70,4
54,0
78,8
76,28
90,14
56,16
98,86
62,98
68,60
98,76
56,94
70,68
58,4
46,12
90,22
70,66
56,66
50,8
96,2
84,22
56,8
90,6
96,62
98,52
50,20
60,48
72,78
52,54
76,4
46,96
48,50
84,98
72,78
48,82
68,66
92,12
92,78
50,98
98,94
86,40
60,64
92,40
96,56
84,-2
98,50
82,54
56,62
54,-2
86,22
34,34
98,-10
34,84
66,0
44,90
90,72
84,94
42,4
34,58
88,80
94,22
86,54
58,-2
50,56
72,16
76,32
90,66
96,12
58,74
64,6
68,84
54,86
64,54
50,6
50,42
42,52
70,28
64,4
46,16
86,56
84,24
64,46
36,14
56,72
74,-2
68,0
46,30
90,84
52,88
52,2
44,22
64,82
44,2
50,4
84,24
94,98
50,42
52,22
88,32
88,52
52,4
74,66
82,36
80,90
80,70
48,82
40,50
86,66
44,98
84,8
50,44
82,24
58,38
60,68
94,90
52,90
36,66
44,64
34,86
34,74
36,32
76,92
96,46
38,98
76,96
70,0
78,42
50,16
34,84
42,90
70,50
78,-2
76,88
50,24
86,82
46,70
44,10
98,22
76,66
98,98
42,12
92,18
66,38
62,4
38,24
98,10
96,58
38,2
40,66
48.4752,-52.8106,2344
98,-80
30,-18
98,-32
12,-64
2,-66
68,-14
94,-26
40,-30
46,-64
78,-10
10,-18
58,-78
28,-78
58,-14
60,-28
42,-56
22,-6
74,-10
54,-52
34,-70
36,-68
38,-84
92,-54
98,-84
76,-62
18,-74
6,-28
66,-90
92,-78
74,-64
8,-74
36,-52
2,-36
42,-42
6,-78
76,-16
46,-62
72,-60
66,-38
88,-52
14,-60
84,-30
20,-20
34,-50
72,-70
76,-38
98,-28
56,-56
36,-34
46,-88
84,-46
6,-72
18,-56
52,-16
32,-80
46,-90
52,-40
22,-82
70,-74
6,-58
74,-72
94,-18
34,-64
26,-38
48,-66
12,-68
20,-12
58,-54
0,-78
46,-22
88,-12
10,-68
92,-80
50,-84
8,-98
46,-10
44,-28
56,-54
40,-62
36,-50
70,-46
84,-72
30,-84
80,-98
96,-62
80,-28
40,-50
28,-46
88,-62
14,-72
82,-48
42,-34
30,-18
74,-20
52,-36
82,-82
24,-84
84,-88
30,-2
6,-54
24,-38
24,-60
72,-26
22,-42
66,-66
64,-38
74,-18
20,-96
56,-34
86,-100
78,-46
50,-100
96,-48
40,-80
60,-6
2,-78
34,-64
98,-36
20,-50
28,-48
24,-14
22,-34
78,-20
88,-48
46,-14
72,-86
36,-84
50,-64
26,-78
50,-92
16,-100
20,-88
64,-64
88,-16
54,-40
48,-100
28,-66
74,-16
62,-74
6,-42
30,-36
94,-70
74,-26
80,-46
38,-24
28,-52
90,-34
64,-82
8,-64
44,-52
98,-90
64,-52
10,-60
22,-36
48,-62
36,-90
52,-30
48,-2
80,-90
12,-42
52,-48
28,-66
60,-52
34,-16
94,-80
48,-68
68,-68
58,-46
64,-54
92,-86
20,-36
30,-22
32,-24
16,-86
10,-96
68,-8
32,-18
70,-56
54,-60
48,-16
12,-32
24,-68
20,-40
52,-56
62,-34
92,-40
30,-6
90,-38
6,-90
4,-22
90,-26
60,-92
50,-100
74,-54
24,-28
92,-78
80,-46
84,-56
36,-72
82,-48
86,-92
18,-98
60,-54
14,-92
32,-62
82,-88
58,-24
30,-62
4,-48
14,-78
86,-36
82,-80
82,-58
28,-30
64,-98
28,-32
36,-62
82,-58
92,-48
16,-94
4,-14
66,-84
86,-100
16,-16
98,-16
94,-46
94,-98
50,-52
34,-2
24,-52
34,-78
6,-54
0,-88
30,-84
64,-74
76,-24
16,-14
22,-96
28,-44
64,-94
38,-24
34,-70
16,-22
66,-8
78,-74
46,-50
14,-18
32,-88
0,-50
70,-10
6,-74
8,-50
36,-32
70,-32
88,-52
4,-50
26,-54
80,-56
96,-74
24,-72
80,-76
58,-68
36,-8
38,-60
24,-64
60,-66
82,-30
60,-50
20,-26
20,-34
2,-50
90,-84
72,-70
16,-86
80,-86
68,-48
22,-90
76,-62
2,-96
42,-50
28,-16
68,-66
22,-78
70,-84
84,-72
54,-56
54,-32
20,-10
22,-24
92,-62
14,-32
96,-48
10,-36
36,0
14,-72
38,-66
34,-18
24,-76
82,-70
80,-42
82,-84
80,-32
44,-48
38,-16
58,-86
30,-14
8,-50
22,-80
58,-46
16,-58
72,-78
70,-70
78,-22
82,-88
50,-40
54,-48
26,-76
2,-24
46,-44
0,-92
86,-74
40,-10
34,-14
14,-16
20,-34
8,-36
54,-36
90,-46
10,-40
42,-76
64,-24
4,-14
36,-38
24,-18
0,-62
64,-72
14,-92
30,-56
58,-38
34,-16
14,-52
32,-80
88,-38
44,-68
50,-62
22,-50
68,-30
28,-44
4,-24
0,-52
98,-96
92,-26
46,-72
38,-96
38,-82
84,-70
6,-96
50,-68
96,-34
64,-46
6,-90
70,-30
94,-78
64,-80
8,-18
84,-86
80,-40
80,-22
78,-16
36,-80
68,-56
80,-54
86,-92
98,-36
76,-72
70,-58
90,-56
74,-84
94,-12
76,-86
14,-86
6,-100
48,-24
38,-96
6,-92
12,-62
22,-32
24,-48
26,-70
54,-40
50,-86
52,-22
12,-52
78,-66
50,-32
8,-84
84,-84
94,-12
30,-4
70,-16
44,-38
84,-66
94,-12
26,-22
96,-40
4,-88
28,-8
28,-50
50,-58
70,-100
56,-68
4,-14
4,-84
30,-4
0,-78
82,-18
18,-16
44,-68
46,-58
30,-50
80,-72
16,-36
6,-90
48,-48
88,-14
98,-24
66,-38
66,-40
24,-28
70,-30
22,-76
30,-96
14,-86
96,-88
14,-46
22,-10
10,-30
32,-50
48,-60
22,-98
58,-42
38,-84
90,-14
60,-34
16,-94
60,-32
56,-14
86,-92
4,-22
26,-30
44,-88
38,-68
26,-8
20,-54
26,-48
16,-18
36,-48
4,-86
26,-42
54,-60
30,-44
98,-84
56,-86
10,-72
84,-22
72,-14
40,-38
4,-94
30,-34
86,-50
32,-36
0,-66
12,-10
78,-16
50,-48
90,-22
46,-44
82,-48
64,-72
14,-18
8,-88
4,-34
46,-70
66,-46
42,-74
20,-40
60,-24
82,-92
82,-98
58,-28
2,-42
80,-38
46,-86
24,-46
68,-8
18,-88
78,-92
74,-90
36,-28
36,-4
12,-34
56,-94
82,-92
40,-86
2,-44
16,-26
32,-84
54,-96
4,-44
44,-76
38,-32
8,-78
72,-64
10,-74
92,-52
42,-76
80,-54
10,-76
94,-56
6,-20
18,-14
4,-90
56,-62
96,-24
6,-24
0,-70
58,-20
8,-52
36,-96
44,-92
80,-44
42,-66
60,-34
42,-66
64,-24
64,-16
76,-58
6,-56
50,-32
50,-68
6,-44
2,-54
46,-56
12,-54
46,-86
32,-68
90,-36
30,-42
62,-44
94,-72
40,-2
4,-40
56,-74
0,-34
36,-62
2,-60
16,-10
82,-36
4,-48
84,-98
92,-68
44,-56
10,-80
58,-62
94,-34
26,-20
84,-28
98,-48
98,-82
52,-14
54,-12
46,-66
78,-88
46,-76
34,-82
16,-78
0,-64
58,-16
18,-22
54,-66
34,-48
94,-76
70,-14
66,-92
34,-84
40,-86
58,-6
50,-50
26,-62
68,-76
28,-90
28,-78
84,-28
34,-32
64,-24
56,-6
44,-56
64,-78
28,-20
80,-62
98,-94
42,-58
50,-60
98,-28
42,-12
24,-34
32,-28
50,-34
52,-64
18,-94
96,-92
2,-84
32,-56
46,-70
72,-98
12,-66
52,-40
42,-98
70,-18
62,-62
50,-38
16,-40
8,-28
86,-12
68,-74
54,-32
30,-22
34,-70
0,-64
72,-92
38,-26
60,-72
78,-10
84,-96
10,-22
14,-86
70,-64
22,-78
54,-44
26,-42
76,-10
72,-20
80,-54
56,-76
16,-20
12,-74
88,-28
4,-20
12,-48
14,-72
88,-56
90,-94
66,-68
34,-76
44,-82
40,-14
36,-64
42,-2
16,-8
12,-78
82,-82
96,-44
34,-66
72,-66
12,-34
78,-54
18,-84
26,-44
38,-68
10,-58
82,-30
0,-78
2,-28
44,-16
76,-46
80,-10
96,-82
22,-88
72,-40
26,-20
76,-34
68,-78
30,-52
70,-62
28,-98
4,-44
42,-88
88,-22
72,-60
56,-92
50,-76
16,-26
86,-64
82,-58
84,-34
64,-86
48,-18
14,-74
98,-14
86,-22
34,-4
38,-88
60,-70
64,-68
12,-82
18,-36
62,-32
62,-80
78,-32
2,-40
26,-4
8,-98
4,-56
8,-42
50,-34
92,-86
62,-98
72,-100
60,-30
36,-28
32,-20
26,-88
38,-52
84,-94
74,-38
88,-68
8,-34
80,-100
8,-16
90,-84
36,-52
30,-86
80,-52
54,-64
22,-78
60,-58
66,-58
74,-94
12,-56
54,-98
18,-44
58,-18
70,-62
34,-76
76,-74
18,-50
56,-18
2,-60
64,-30
72,-78
12,-30
74,-98
76,-42
40,-38
30,-24
40,-90
80,-20
84,-90
76,-54
82,-84
52,-90
78,-50
12,-52
70,-14
36,-62
14,-46
46,-56
22,-56
62,-52
92,-32
10,-48
14,-30
54,-56
48,-82
86,-60
46,-36
64,-8
62,-42
32,-40
6,-54
82,-60
34,-40
6,-42
84,-38
4,-58
52,-80
30,-20
38,-62
6,-42
20,-96
40,-22
26,-50
8,-84
72,-14
52,-96
60,-22
86,-48
68,-38
76,-16
0,-32
56,-56
94,-44
26,-6
84,-36
64,-96
40,-30
64,-64
4,-56
10,-74
70,-54
64,-92
6,-76
38,-98
48,-40
16,-68
12,-16
18,-62
40,-28
6,-14
38,-60
78,-86
56,-50
68,-38
90,-44
60,-14
72,-26
38,-98
60,-58
58,-38
88,-38
8,-20
0,-16
60,-22
12,-14
8,-80
46,-80
34,-54
52,-24
64,-60
90,-82
4,-22
86,-52
24,-80
94,-14
78,-96
28,-70
28,-62
40,-44
0,-78
62,-84
88,-40
32,-32
14,-46
66,-62
76,-50
76,-14
56,-18
10,-18
34,-20
92,-86
20,-38
86,-62
82,-86
54,-72
16,-54
60,-80
24,-94
52,-14
76,-94
78,-60
4,-70
18,-70
74,-80
86,-92
98,-58
90,-100
38,-64
26,-6
68,-70
50,-38
78,-34
64,-90
74,-74
88,-48
70,-88
16,-72
42,-40
20,-8
42,-40
38,-78
38,-12
22,-88
68,-10
44,-22
28,-32
52,-30
38,-36
98,-26
4,-34
58,-28
86,-32
12,-80
92,-92
6,-22
12,-44
72,-46
24,-100
50,-28
62,-46
20,-88
56,-70
38,-38
86,-90
34,-16
58,-92
14,-44
66,-60
56,-4
66,-88
36,-84
98,-36
66,-84
4,-42
52,-14
22,-10
26,-66
50,-34
68,-68
14,-16
4,-40
46,-16
56,-86
30,-78
8,-82
62,-26
60,-32
46,-20
8,-88
44,-56
42,-96
30,-44
28,-12
10,-28
78,-60
16,-28
20,-28
76,-90
80,-82
38,-22
14,-22
6,-92
62,-32
4,-36
90,-54
84,-52
8,-82
64,-68
56,-54
72,-12
34,-56
76,-80
8,-92
46,-96
28,-100
38,-38
14,-62
6,-36
80,-10
32,-36
74,-42
14,-72
52,-40
48,-20
22,-82
86,-22
76,-40
52,-4
70,-94
8,-12
84,-92
26,-6
44,-16
58,-14
22,-84
98,-80
38,-56
52,-100
30,-40
88,-100
90,-54
62,-74
10,-84
12,-16
50,-92
44,-84
80,-40
96,-54
60,-26
80,-10
6,-14
82,-14
70,-36
32,-46
90,-18
58,-6
34,-94
74,-50
72,-16
64,-46
44,-46
90,-34
86,-20
42,-34
62,-76
44,-70
24,-18
56,-66
90,-22
56,-54
40,-22
68,-6
22,-44
38,-24
56,-94
72,-78
98,-76
0,-70
90,-46
80,-32
28,-74
74,-82
56,-6
34,-6
38,-10
84,-40
56,-70
32,-60
58,-74
96,-42
12,-28
46,-40
44,-62
88,-78
14,-36
10,-52
84,-30
90,-66
56,-24
52,-62
70,-20
16,-18
84,-36
80,-32
34,-48
28,-78
92,-58
20,-36
10,-58
42,-50
70,-54
0,-62
44,-94
2,-20
10,-84
50,-28
50,-20
24,-8
92,-40
68,-92
94,-48
48,-24
40,-32
16,-74
0,-48
12,-36
26,-50
76,-92
70,-12
72,-34
36,-100
98,-98
40,-30
26,-58
54,-42
38,-92
42,-54
64,-24
0,-22
66,-68
34,-2
92,-86
94,-78
0,-34
8,-52
64,-20
78,-66
48,-88
82,-26
40,-6
96,-38
20,-44
62,-32
64,-80
80,-20
86,-100
32,-86
70,-40
46,-46
12,-96
74,-18
48,-58
36,-28
0,-70
2,-46
88,-42
84,-98
8,-50
60,-62
14,-40
2,-96
90,-68
6,-88
94,-60
4,-56
82,-68
38,-24
18,-14
96,-82
66,-28
72,-32
28,-82
38,-78
16,-46
42,-44
20,-6
52,-30
34,-32
52,-52
2,-18
80,-92
8,-40
8,-82
40,-54
0,-82
32,-98
68,-30
60,-60
32,-94
26,-88
42,-32
38,-96
8,-12
54,-78
28,-10
28,-68
26,-4
92,-62
70,-24
82,-68
10,-86
12,-10
98,-94
54,-4
22,-90
92,-34
88,-82
52,-30
10,-78
60,-26
58,-10
90,-50
38,-22
74,-38
34,-78
58,-96
70,-84
72,-48
76,-52
52,-24
14,-30
86,-96
6,-52
58,-82
34,-68
56,-14
76,-20
16,-42
94,-76
56,-30
60,-36
52,-100
98,-86
4,-92
70,-78
82,-72
52,-94
44,-4
40,-72
68,-80
90,-62
12,-90
74,-14
90,-56
8,-42
40,-66
0,-16
66,-20
96,-16
36,-64
82,-98
36,-54
44,-24
68,-24
32,-4
44,-28
30,-84
66,-74
86,-50
74,-8
80,-54
80,-92
80,-48
26,-4
82,-88
38,-88
54,-34
54,-100
38,-4
54,-14
36,-26
24,-34
68,-48
2,-94
54,-44
56,-70
16,-92
12,-24
30,-4
68,-96
28,-92
98,-92
60,-6
40,-72
48,-66
98,-54
62,-8
44,-82
42,-68
18,-64
40,-86
42,-24
32,-14
34,-60
90,-62
26,-56
34,-22
40,-74
4,-100
68,-38
96,-84
88,-84
24,-62
90,-10
20,-38
50,-36
26,-72
40,-32
34,-24
92,-92
46,-78
6,-70
26,-76
4,-66
68,-40
50,-30
6,-34
50,-60
8,-54
22,-14
30,-30
68,-28
0,-96
74,-92
4,-64
2,-82
96,-84
58,-52
10,-84
78,-56
96,-94
0,-50
18,-82
22,-20
82,-58
80,-52
38,-32
94,-92
62,-30
72,-24
96,-68
10,-52
98,-18
10,-58
18,-20
72,-72
28,-58
22,-10
20,-38
46,-98
10,-28
78,-30
44,-74
40,-78
32,-100
74,-10
56,-48
52,-20
78,-80
52,-28
48,-24
38,-78
8,-90
20,-74
10,-68
6,-88
46,-64
32,-94
22,-90
82,-86
90,-94
16,-48
56,-22
98,-28
74,-66
38,-60
64,-68
74,-28
22,-46
62,-56
12,-56
92,-18
48,-84
96,-34
54,-82
60,-32
88,-56
14,-50
66,-26
10,-70
66,-90
20,-32
52,-90
28,-8
8,-26
48,-32
46,-40
26,-98
84,-66
0,-26
90,-82
12,-90
60,-30
20,-32
64,-40
30,-20
24,-16
82,-92
10,-52
96,-18
98,-24
48,-62
54,-84
76,-30
82,-88
16,-40
10,-36
72,-84
30,-20
6,-62
48,-24
10,-62
56,-80
18,-44
34,-18
54,-62
66,-50
64,-98
42,-80
74,-100
54,-92
78,-70
78,-52
24,-88
90,-88
90,-72
8,-18
34,-58
40,-76
82,-60
68,-68
78,-30
48,-20
10,-18
6,-22
76,-86
54,-56
22,-40
60,-52
72,-84
40,-48
70,-44
46,-12
24,-8
80,-36
0,-18
30,-40
34,-42
70,-62
16,-86
42,-18
10,-20
64,-36
20,-64
36,0
86,-98
90,-46
68,-44
28,-10
22,-36
72,-30
4,-78
8,-22
82,-68
86,-16
60,-52
22,-6
68,-88
42,-76
46,-78
46,-98
18,-96
2,-56
94,-54
10,-74
48,-32
34,-80
66,-34
54,-90
0,-96
20,-56
78,-86
72,-12
84,-84
46,-12
28,-56
82,-42
20,-48
14,-10
0,-34
32,-88
90,-66
18,-28
34,-68
98,-20
62,-32
32,-14
92,-26
78,-84
38,-38
38,-2
82,-16
60,-38
92,-12
62,-22
76,-36
68,-42
26,-42
6,-72
36,-40
48,-54
84,-78
90,-14
68,-46
76,-20
16,-42
40,-22
62,-86
84,-20
24,-8
40,-54
70,-76
48,-62
94,-96
76,-84
32,-94
98,-88
62,-20
62,-64
18,-10
24,-44
54,-40
26,-52
60,-84
32,-88
46,-60
6,-70
92,-34
12,-94
68,-8
92,-38
40,-76
52,-84
56,-84
40,-18
78,-62
28,-74
82,-82
70,-32
92,-82
32,-30
88,-28
64,-60
8,-38
60,-72
38,-62
20,-36
28,-46
96,-18
82,-36
20,-36
96,-100
24,-78
12,-88
14,-80
0,-24
80,-18
14,-22
22,-36
22,-38
22,-28
30,-36
76,-42
74,-26
72,-28
94,-38
60,-64
60,-92
56,-6
12,-72
58,-86
82,-22
60,-62
90,-58
88,-80
12,-46
72,-42
82,-18
20,-78
38,-50
20,-94
4,-94
98,-36
36,-24
2,-66
30,-54
6,-74
80,-84
22,-10
76,-50
38,-14
10,-12
6,-64
46,-62
2,-42
14,-14
4,-18
78,-82
68,-16
10,-64
10,-74
28,-26
12,-28
18,-66
96,-62
8,-48
44,-84
48,-54
72,-34
34,-84
14,-28
92,-50
40,-26
18,-20
76,-92
36,-26
60,-6
98,-20
20,-94
94,-74
70,-80
26,-96
18,-72
54,-68
30,-32
2,-26
12,-10
94,-96
44,-40
6,-68
46,-82
12,-40
88,-26
52,-36
80,-56
34,-40
34,-32
80,-76
42,-72
8,-46
44,-34
70,-86
46,-38
46,-92
46,-68
26,-8
36,-14
74,-100
74,-30
94,-86
58,-92
20,-62
62,-82
48,-2
44,-32
40,-94
30,-80
96,-30
84,-28
8,-12
22,-52
38,-24
6,-90
88,-92
80,-28
44,-22
36,-6
78,-28
8,-92
18,-20
2,-34
50,-100
62,-48
60,-22
98,-56
10,-88
28,-6
64,-98
98,-50
46,-10
4,-22
22,-90
22,-56
38,-54
50,-90
38,-92
10,-84
62,-94
14,-52
58,-70
8,-70
98,-68
80,-44
52,-22
16,-100
84,-62
42,-86
80,-90
38,-92
82,-58
30,-34
58,-80
40,-2
22,-80
52,-46
40,-94
38,-58
82,-12
44,-72
6,-50
44,-36
54,-16
24,-98
40,-60
24,-68
58,-16
74,-18
92,-60
16,-58
60,-90
76,-50
56,-40
90,-60
66,-90
78,-94
18,-48
48,-90
56,-16
86,-16
22,-20
60,-44
40,-40
18,-38
54,-18
4,-100
76,-90
88,-50
50,-70
20,-8
76,-88
38,-26
30,-52
74,-8
36,-92
84,-64
32,-4
92,-22
62,-92
52,-68
48,-24
42,-72
6,-100
78,-72
54,-76
64,-16
28,-76
46,-50
58,-94
58,-96
78,-88
84,-24
24,-74
92,-58
70,-82
86,-58
66,-84
54,-40
80,-22
88,-12
34,-30
86,-88
64,-96
68,-16
54,-20
84,-72
26,-98
72,-32
64,-80
76,-54
62,-36
96,-80
42,-76
38,-50
74,-90
20,-68
32,-52
80,-28
96,-16
52,-26
86,-64
94,-68
8,-98
26,-38
24,-92
30,-58
94,-38
82,-12
16,-48
80,-22
34,-88
88,-86
34,-56
2,-28
14,-56
98,-78
34,-66
80,-88
76,-80
56,-70
48,-50
36,-8
54,-50
12,-62
38,-2
36,-96
44,-38
30,-42
98,-82
96,-100
24,-76
70,-88
48,-30
92,-14
20,-68
60,-22
72,-76
72,-90
82,-70
16,-98
34,-80
12,-60
14,-38
94,-82
30,-76
44,-78
72,-36
8,-40
6,-68
4,-36
24,-40
98,-68
78,-20
68,-26
88,-56
2,-68
84,-32
36,-46
60,-40
88,-94
14,-94
28,-62
28,-54
86,-74
78,-46
76,-46
54,-10
8,-38
6,-86
80,-18
12,-94
26,-34
78,-100
74,-20
74,-100
94,-78
48,-56
98,-34
52,-56
70,-76
40,-10
52,-52
8,-70
70,-24
66,-32
36,-16
72,-84
26,-28
46,-14
10,-86
86,-46
6,-80
66,-72
64,-20
10,-22
48,-12
88,-58
80,-24
20,-20
92,-86
84,-94
16,-26
26,-88
46,-22
20,-46
42,-62
50,-98
44,-44
32,-50
42,-46
30,-18
94,-28
86,-64
80,-62
58,-14
54,-10
30,-26
96,-14
62,-98
96,-48
52,-74
16,-72
74,-42
38,-26
60,-78
60,-56
22,-100
96,-78
46,-98
18,-48
48,-62
98,-30
98,-100
80,-82
48,-56
10,-70
68,-96
64,-50
78,-74
78,-42
80,-88
8,-96
68,-50
42,-10
40,-64
70,-46
2,-34
64,-30
72,-56
72,-16
30,-72
46,-30
14,-48
60,-40
66,-12
80,-48
72,-88
22,-36
80,-48
22,-86
38,-38
42,-78
2,-72
30,-98
28,-22
38,-90
16,-8
54,-82
16,-46
28,-10
48,-46
56,-26
80,-74
6,-90
54,-52
32,-48
28,-50
82,-18
60,-34
6,-30
56,-80
86,-28
80,-64
58,-94
32,-28
94,-70
16,-98
54,-10
10,-30
98,-24
98,-50
98,-76
86,-68
26,-36
12,-70
42,-100
0,-60
42,-88
48,-72
42,-46
8,-34
72,-92
54,-62
34,-50
80,-94
16,-32
40,-54
76,-64
0,-40
0,-62
10,-64
38,-40
84,-18
76,-30
52,-22
74,-70
78,-76
88,-82
26,-26
18,-60
84,-22
54,-80
26,-64
36,-10
86,-40
80,-48
4,-44
62,-60
96,-96
34,-82
52,-52
74,-20
70,-28
44,-2
60,-38
0,-16
88,-54
26,-48
70,-18
26,-8
20,-10
18,-80
40,-6
98,-58
98,-40
16,-10
80,-42
72,-94
80,-84
48,-68
4,-62
62,-84
56,-80
24,-38
64,-54
62,-62
6,-24
12,-76
90,-78
76,-12
70,-50
6,-26
90,-54
86,-74
26,-20
8,-86
74,-78
2,-24
6,-74
32,-22
6,-46
40,-60
76,-38
68,-66
28,-62
36,-68
34,-40
2,-36
42,-36
78,-78
58,-36
46,-76
44,-42
4,-86
18,-98
52,-24
22,-26
56,-24
4,-46
6,-18
30,-4
34,-54
84,-42
60,-22
28,-26
48,-6
80,-100
36,-14
24,-68
72,-24
54,-38
80,-32
0,-16
34,-32
36,-94
60,-70
20,-90
58,-74
38,-14
40,-22
56,-6
22,-74
10,-64
26,-46
38,-38
40,-12
98,-50
58,-32
48,-94
56,-16
34,-78
58,-8
52,-24
68,-48
42,-82
54,-26
44,-80
54,-32
70,-36
92,-82
96,-40
64,-20
18,-56
58,-36
18,-54
42,-52
34,-92
70,-98
30,-60
58,-8
90,-12
78,-60
28,-28
16,-26
68,-70
56,-30
6,-76
84,-20
70,-70
10,-26
50,-90
96,-94
62,-66
2,-90
72,-40
34,-42
20,-82
22,-82
8,-44
68,-18
74,-60
56,-58
62,-56
58,-18
12,-68
74,-66
70,-96
2,-50
28,-2
72,-68
66,-36
2,-54
18,-62
90,-96
56,-52
42,-46
24,-80
24,-48
0,-60
12,-20
36,-74
74,-60
4,-84
36,-54
68,-24
68,-66
58,-28
78,-86
48,-14
54,-16
44,-18
66,-82
18,-34
82,-92
78,-44
58,-20
8,-66
60,-6
12,-74
24,-84
46,-36
92,-66
48,-26
38,-58
86,-12
30,-62
58,-50
96,-68
96,-28
58,-94
80,-32
78,-64
0,-98
80,-16
68,-74
54,-16
10,-72
28,-92
32,0
0,-24
90,-72
44,-76
84,-22
64,-92
60,-54
64,-94
20,-22
40,-22
90,-70
50,-46
82,-14
36,-86
72,-32
70,-8
12,-16
50,-36
46,-76
40,-50
0,-92
44,-64
36,-96
26,-4
30,-60
58,-28
72,-24
56,-72
74,-50
30,-76
58,-96
84,-56
42,-34
38,-42
48,-8
22,-52
46,-86
58,-58
0,-64
28,-84
18,-60
62,-18
58,-78
0,-34
26,-44
72,-46
96,-46
90,-16
66,-86
38,-82
56,-56
84,-22
2,-36
56,-66
76,-96
62,-76
22,-50
22,-38
8,-30
96,-36
98,-24
10,-68
68,-44
40,-54
44,-70
52,-78
66,-98
78,-68
42,-14
14,-70
66,-88
16,-24
80,-48
26,-30
8,-66
18,-68
76,-42
72,-80
14,-32
12,-50
88,-36
72,-46
12,-62
86,-82
90,-18
44,-60
86,-32
88,-22
30,-78
94,-78
48,-6
66,-30
60,-86
28,-16
38,-84
88,-100
96,-70
40,-98
32,0
62,-66
16,-46
44,-76
56,-54
56,-48
26,-86
40,-50
26,-84
96,-82
6,-76
70,-72
16,-94
62,-32
14,-56
38,-96
80,-14
86,-88
62,-14
88,-36
90,-36
62,-66
34,-92
2,-72
56,-30
76,-60
78,-56
62,-18
94,-90
48,-6
0,-82
92,-58
76,-66
66,-92
26,-10
58,-96
46,-98
36,-34
12,-40
84,-94
4,-18
32,-46
42,-42
8,-26
38,-40
70,-42
32,-20
76,-84
16,-68
22,-92
72,-78
44,-44
78,-16
50,-46
82,-84
18,-56
52,-66
52,-34
78,-56
28,-82
-68.1759,46.2593,1728
-48,74
-82,40
-92,56
-68,92
-50,0
-60,96
-100,54
-38,92
-90,46
-56,98
-48,32
-70,52
-48,50
-52,2
-68,-4
-88,42
-44,28
-48,38
-90,20
-50,16
-58,22
-40,4
-44,34
-40,98
-84,94
-84,96
-58,18
-48,90
-48,98
-36,36
-100,80
-54,56
-46,42
-66,84
-40,60
-90,96
-62,62
-64,58
-68,14
-82,26
-100,16
-74,54
-72,80
-76,98
-84,16
-38,54
-72,96
-100,20
-82,30
-58,16
-56,30
-42,36
-94,22
-70,66
-58,10
-84,66
-88,16
-76,96
-84,66
-76,18
-98,-10
-60,84
-50,62
-84,-4
-54,84
-54,10
-36,74
-54,52
-74,54
-98,32
-48,96
-72,6
-64,-4
-74,92
-60,58
-76,40
-88,4
-36,2
-84,92
-50,50
-94,46
-98,50
-96,36
-92,-2
-80,60
-90,-2
-88,78
-40,22
-36,6
-66,28
-78,76
-36,38
-52,76
-70,54
-40,2
-40,72
-48,94
-76,92
-46,58
-54,98
-82,52
-50,96
-56,58
-54,2
-62,88
-78,58
-38,82
-88,14
-94,86
-100,36
-42,24
-56,0
-82,34
-70,38
-60,48
-70,46
-92,12
-86,64
-76,52
-78,72
-64,76
-84,74
-52,86
-38,30
-84,34
-64,-4
-98,52
-80,90
-98,20
-70,34
-82,-2
-82,36
-70,2
-84,68
-92,98
-74,40
-48,66
-94,72
-74,36
-64,18
-72,34
-68,38
-66,38
-96,-2
-36,60
-86,66
-82,54
-76,26
-100,-6
-70,64
-70,54
-46,48
-80,20
-84,30
-90,-8
-78,30
-78,48
-38,28
-36,20
-54,10
-64,36
-38,34
-88,36
-82,46
-90,58
-40,74
-92,64
-60,64
-58,20
-46,72
-84,42
-92,66
-50,32
-80,82
-44,88
-50,82
-58,82
-40,88
-54,94
-92,96
-82,14
-100,98
-60,46
-56,56
-70,70
-76,62
-92,98
-36,46
-36,94
-56,92
-44,56
-88,56
-68,6
-88,78
-50,50
-98,4
-54,88
-64,38
-98,84
-62,28
-62,10
-76,96
-94,80
-66,46
-60,24
-98,-4
-82,82
-72,56
-68,10
-94,62
-56,24
-50,10
-48,2
-84,10
-66,4
-80,46
-42,20
-68,70
-56,74
-90,86
-72,98
-66,76
-68,28
-38,4
-60,32
-50,86
-44,6
-80,28
-88,66
-70,16
-80,40
-78,52
-74,50
-36,18
-62,84
-94,20
-52,92
-96,-4
-94,26
-96,2
-48,18
-78,14
-100,66
-38,12
-60,90
-38,36
-72,-2
-68,34
-90,94
-66,80
-96,86
-48,24
-50,54
-52,82
-38,86
-88,-2
-72,82
-68,8
-50,84
-50,40
-60,6
-56,88
-92,-6
-66,62
-72,50
-64,8
-76,96
-66,52
-100,4
-88,-6
-98,64
-50,58
-78,10
-70,-4
-62,58
-78,62
-74,82
-84,32
-72,38
-66,92
-98,58
-82,80
-68,74
-88,94
-40,34
-58,36
-76,94
-42,48
-36,62
-92,30
-54,30
-48,68
-72,6
-44,32
-46,88
-46,56
-74,32
-64,52
-98,74
-80,62
-90,98
-62,32
-94,28
-48,44
-64,74
-78,48
-40,80
-60,74
-44,24
-94,8
-78,54
-62,24
-88,68
-66,96
-54,52
-46,54
-64,80
-98,4
-64,-4
-82,62
-98,96
-82,54
-70,72
-56,0
-50,30
-96,16
-96,88
-56,24
-50,32
-46,30
-60,12
-70,98
-46,42
-38,50
-54,78
-98,54
-52,90
-100,66
-62,38
-44,20
-84,6
-70,78
-74,38
-76,-6
-48,32
-82,18
-86,18
-80,-2
-78,12
-90,8
-52,54
-86,70
-96,42
-48,86
-98,18
-90,62
-42,76
-80,46
-84,92
-40,76
-40,84
-36,58
-68,72
-74,94
-68,44
-94,-6
-56,92
-60,76
-38,62
-74,56
-74,30
-66,60
-72,42
-38,30
-80,86
-54,26
-84,28
-66,44
-70,76
-50,64
-36,36
-96,2
-98,-10
-98,20
-100,-4
-80,70
-40,88
-54,44
-78,30
-52,80
-64,42
-52,-2
-76,18
-94,18
-74,76
-66,98
-44,52
-62,70
-40,0
-90,12
-76,34
-90,92
-52,24
-46,70
-64,72
-86,60
-82,40
-76,8
-84,4
-60,70
-46,80
-66,18
-54,-2
-84,6
-52,70
-84,96
-82,90
-54,56
-78,2
-46,98
-72,14
-36,90
-92,24
-68,86
-72,66
-38,12
-100,4
-100,74
-98,4
-94,74
-90,44
-90,52
-76,10
-84,76
-44,62
-64,72
-94,20
-54,44
-88,60
-62,50
-94,88
-50,94
-64,20
-38,70
-86,-8
-64,22
-70,2
-42,82
-78,18
-78,42
-84,34
-76,56
-80,4
-60,12
-82,90
-94,90
-88,42
-80,40
-98,24
-48,90
-86,60
-54,10
-58,24
-70,80
-42,0
-90,82
-46,40
-66,56
-82,44
-72,84
-62,32
-58,20
-50,40
-58,98
-74,38
-90,70
-74,92
-62,16
-74,82
-52,78
-90,42
-52,0
-72,90
-96,14
-98,94
-46,44
-44,96
-58,20
-54,2
-52,14
-38,38
-76,28
-88,14
-90,58
-44,8
-88,20
-50,40
-50,64
-86,94
-40,28
-88,94
-86,4
-40,60
-96,36
-72,4
-86,48
-46,62
-82,64
-52,94
-84,30
-68,88
-80,-2
-62,10
-70,58
-76,0
-58,8
-60,38
-66,84
-70,2
-78,88
-62,90
-52,24
-62,10
-50,88
-70,-2
-50,58
-88,14
-36,52
-54,58
-82,42
-66,30
-94,12
-40,46
-80,28
-36,88
-60,46
-62,86
-50,16
-100,76
-62,4
-72,28
-82,82
-62,34
-86,2
-56,6
-90,84
-54,52
-96,96
-80,52
-46,50
-72,20
-94,-8
-66,68
-62,42
-42,50
-40,94
-92,84
-56,32
-78,40
-78,32
-92,92
-64,52
-80,88
-74,30
-84,52
-76,72
-78,74
-58,30
-96,44
-70,64
-94,60
-38,8
-40,86
-62,86
-44,70
-94,12
-74,72
-38,10
-82,58
-80,48
-56,34
-42,72
-66,-2
-70,94
-50,74
-94,82
-78,34
-36,36
-40,26
-98,36
-58,28
-74,54
-66,44
-76,76
-36,26
-56,34
-54,34
-98,72
-44,24
-48,26
-42,22
-40,88
-38,62
-56,70
-70,92
-80,98
-74,46
-38,16
-82,8
-78,68
-52,94
-54,92
-48,58
-60,76
-40,8
-96,88
-54,2
-98,50
-80,64
-62,30
-88,60
-62,30
-42,26
-50,96
-58,58
-58,4
-84,70
-82,46
-88,70
-46,40
-92,20
-56,74
-56,26
-96,8
-72,28
-82,10
-36,52
-58,94
-66,14
-56,88
-40,6
-76,88
-38,36
-38,22
-72,46
-52,54
-94,16
-56,4
-36,88
-70,46
-98,36
-78,46
-58,38
-52,72
-76,68
-92,38
-72,86
-42,26
-64,94
-50,38
-36,12
-46,90
-70,56
-36,10
-44,16
-90,8
-52,38
-96,12
-56,60
-50,82
-66,52
-50,34
-40,78
-58,76
-78,34
-80,-6
-38,2
-98,8
-88,32
-50,24
-38,58
-58,98
-74,44
-90,-8
-42,74
-44,88
-96,76
-48,34
-70,58
-74,58
-46,74
-92,24
-64,64
-74,44
-94,12
-70,94
-44,92
-46,90
-100,8
-72,18
-98,40
-52,98
-90,54
-44,12
-66,62
-42,72
-66,68
-48,90
-62,22
-84,40
-76,-6
-80,96
-68,58
-60,56
-36,50
-58,88
-62,2
-52,62
-42,38
-100,32
-88,76
-92,84
-82,-4
-94,36
-98,-6
-54,36
-58,56
-54,-2
-42,66
-80,22
-78,30
-92,70
-60,46
-36,4
-86,86
-82,62
-64,14
-40,28
-40,0
-52,80
-66,84
-68,24
-54,34
-92,44
-42,58
-76,14
-96,60
-62,26
-70,60
-100,12
-82,62
-42,42
-76,62
-80,38
-86,88
-54,42
-98,48
-66,18
-46,6
-50,70
-64,52
-40,96
-82,0
-100,30
-96,58
-70,-4
-68,82
-72,24
-64,94
-84,74
-96,74
-94,16
-96,60
-46,28
-48,22
-80,44
-50,8
-82,78
-52,58
-44,70
-44,6
-84,88
-94,2
-80,14
-94,50
-70,72
-52,36
-62,74
-90,78
-36,6
-66,44
-70,66
-62,90
-100,36
-56,64
-72,78
-56,42
-100,34
-48,46
-64,80
-42,38
-62,84
-40,0
-64,0
-36,44
-78,6
-80,76
-66,94
-44,52
-42,64
-88,46
-72,84
-92,30
-68,88
-92,0
-54,10
-50,90
-46,8
-90,8
-78,44
-82,0
-72,92
-68,84
-74,28
-60,74
-98,-10
-82,4
-46,94
-76,-6
-94,70
-38,34
-92,34
-48,36
-92,74
-56,86
-98,42
-66,46
-86,90
-56,56
-74,72
-44,62
-66,32
-70,-4
-42,18
-48,38
-44,14
-74,64
-38,46
-90,0
-64,12
-92,54
-100,78
-74,52
-76,8
-40,90
-100,56
-94,44
-36,48
-50,70
-98,88
-60,8
-36,24
-84,14
-46,88
-90,84
-56,54
-36,58
-38,66
-52,48
-74,4
-76,86
-86,24
-88,48
-52,84
-86,-2
-62,32
-72,22
-58,52
-52,94
-98,24
-98,98
-94,12
-40,48
-42,22
-94,24
-66,80
-62,6
-38,32
-84,18
-60,68
-80,82
-62,84
-62,58
-58,60
-100,-10
-64,12
-44,30
-98,92
-38,98
-78,44
-38,40
-56,-2
-66,32
-84,14
-72,4
-44,62
-48,58
-92,80
-94,20
-44,18
-68,80
-60,42
-96,-4
-62,76
-82,36
-46,8
-74,24
-66,60
-80,10
-88,8
-70,68
-88,98
-46,82
-76,72
-62,8
-100,58
-76,46
-56,20
-36,12
-82,-4
-38,90
-92,10
-50,4
-54,24
-68,30
-40,94
-76,40
-74,72
-70,72
-44,66
-48,26
-74,58
-74,68
-72,-6
-90,8
-54,70
-64,26
-50,92
-84,4
-50,76
-96,8
-66,50
-82,48
-88,66
-44,70
-68,2
-78,10
-70,72
-74,22
-92,60
-94,36
-68,84
-38,32
-74,94
-90,6
-84,34
-62,30
-56,22
-72,16
-54,94
-82,42
-70,30
-36,82
-40,90
-48,44
-92,60
-64,18
-88,30
-56,32
-90,52
-52,50
-78,86
-60,98
-90,0
-86,44
-42,86
-60,74
-84,36
-52,42
-36,8
-76,74
-96,16
-36,6
-48,50
-90,78
-52,64
-80,84
-52,40
-98,24
-60,14
-46,28
-64,30
-56,24
-80,34
-42,90
-80,80
-98,16
-94,54
-80,82
-90,62
-94,80
-64,18
-88,92
-58,42
-78,34
-88,12
-52,80
-92,-6
-76,86
-72,24
-64,86
-78,84
-50,22
-100,32
-90,34
-54,10
-82,0
-48,48
-64,28
-38,74
-96,42
-64,14
-40,92
-82,58
-48,0
-62,64
-86,12
-44,60
-74,78
-50,64
-80,10
-50,36
-58,72
-96,66
-50,90
-52,52
-86,28
-68,50
-40,64
-48,42
-54,80
-72,94
-40,62
-70,36
-36,14
-86,46
-50,60
-98,78
-44,16
-42,42
-58,16
-54,96
-96,18
-56,8
-46,88
-72,16
-68,58
-94,74
-62,96
-36,12
-42,26
-54,6
-68,16
-66,94
-78,70
-60,4
-90,72
-38,82
-50,68
-56,10
-92,30
-54,74
-92,80
-72,18
-80,24
-54,64
-48,30
-74,56
-66,56
-72,92
-78,0
-78,54
-46,88
-88,24
-82,38
-40,8
-78,16
-72,50
-84,30
-88,46
-56,0
-98,42
-90,8
-82,34
-74,66
-82,76
-58,84
-90,40
-52,4
-56,46
-36,10
-58,24
-82,0
-92,22
-66,62
-70,24
-38,8
-52,80
-86,82
-66,86
-100,-8
-74,34
-82,84
-36,70
-100,98
-94,28
-54,62
-42,46
-38,74
-76,20
-72,12
-38,24
-86,4
-62,66
-56,90
-48,56
-60,64
-68,-2
-38,24
-100,62
-82,56
-54,50
-52,30
-82,14
-96,58
-84,8
-60,98
-56,38
-62,54
-82,30
-90,14
-62,12
-50,82
-80,82
-46,28
-36,18
-78,32
-98,14
-52,38
-60,72
-62,8
-58,6
-36,48
-74,98
-96,94
-92,60
-60,8
-90,82
-44,10
-54,14
-46,2
-92,2
-66,48
-94,20
-90,2
-36,64
-42,68
-72,12
-56,84
-92,4
-58,80
-88,4
-100,86
-52,18
-50,38
-100,84
-56,8
-100,34
-98,-10
-92,60
-98,80
-68,10
-74,98
-64,-2
-70,60
-36,88
-80,52
-96,94
-72,74
-88,-8
-90,96
-68,74
-86,92
-80,68
-70,26
-88,96
-76,62
-92,84
-100,34
-60,12
-82,66
-76,14
-70,66
-42,10
-88,98
-100,8
-96,78
-46,0
-46,26
-46,24
-88,38
-50,96
-64,60
-68,88
-100,64
-98,6
-80,84
-46,88
-88,86
-86,60
-74,36
-60,98
-46,12
-50,28
-86,66
-90,28
-74,84
-96,60
-90,48
-96,84
-78,4
-78,94
-42,82
-56,-2
-70,94
-54,32
-60,86
-56,66
-88,-8
-72,24
-76,48
-86,66
-82,76
-84,88
-88,48
-86,84
-44,40
-100,28
-46,84
-90,6
-56,74
-92,10
-68,30
-80,-6
-66,18
-70,54
-80,22
-60,86
-90,54
-52,88
-90,16
-36,16
-36,10
-38,66
-76,6
-44,32
-90,52
-54,74
-66,26
-38,64
-44,46
-64,68
-60,10
-100,66
-92,2
-100,36
-82,16
-52,76
-80,76
-80,64
-46,8
-58,92
-58,36
-58,72
-54,64
-98,8
-38,20
-48,68
-64,38
-100,72
-54,40
-68,30
-72,54
-62,20
-48,32
-72,48
-54,52
-38,86
-92,36
-66,92
-68,62
-64,2
-80,18
-86,22
-76,2
-76,20
-86,0
-42,30
-84,30
-82,2
-52,62
-68,22
-52,82
-86,78
-72,18
-44,26
-38,28
-76,12
-42,8
-76,80
-40,20
-78,54
-38,72
-72,88
-100,22
-84,94
-68,60
-54,54
-56,66
-96,74
-50,86
-86,50
-78,16
-48,4
-100,72
-98,30
-72,-4
-50,50
-76,78
-60,22
-48,28
-40,70
-64,8
-70,-4
-42,96
-36,24
-90,10
-84,76
-84,94
-82,78
-84,36
-50,32
-68,52
-54,70
-88,-8
-70,84
-54,66
-92,92
-54,68
-100,24
-46,48
-84,16
-48,56
-96,82
-52,46
-90,38
-54,2
-82,22
-38,40
-58,32
-44,36
-46,82
-60,46
-50,58
-86,82
-94,64
-54,2
-94,70
-38,80
-40,22
-88,68
-96,-8
-78,14
-86,30
-60,8
-84,58
-42,22
-66,14
-84,68
-52,46
-100,78
-88,90
-90,20
-96,10
-84,80
-70,20
-74,24
-56,56
-72,38
-36,80
-46,0
-54,20
-48,42
-76,12
-98,62
-72,30
-90,64
-98,-8
-96,42
-78,40
-58,78
-40,22
-38,94
-72,60
-36,44
-50,16
-90,60
-60,0
-38,66
-90,38
-76,10
-42,36
-50,18
-46,64
-66,70
-82,54
-44,66
-70,8
-52,60
-82,44
-92,28
-44,78
-60,54
-36,46
-96,26
-62,24
-70,72
-84,56
-36,28
-90,84
-38,70
-78,22
-96,66
-76,26
-54,14
-50,38
-56,60
-66,-2
-68,24
-62,54
-74,56
-94,34
-52,86
-56,-2
-94,52
-62,6
-62,34
-40,22
-90,44
-58,50
-56,88
-74,68
-62,24
-58,96
-58,48
-68,24
-50,78
-100,-2
-88,66
-40,58
-50,52
-40,52
-94,32
-48,58
-80,44
-80,68
-92,96
-68,76
-88,24
-100,36
-100,2
-58,6
-88,38
-64,56
-66,46
-36,26
-94,96
-36,6
-58,18
-40,44
-74,96
-50,14
-88,54
-46,70
-94,-8
-64,16
-36,92
-44,78
-86,52
-38,64
-70,98
-64,14
-74,56
-92,78
-52,84
-60,36
-44,20
-48,6
-96,58
-60,16
-58,74
-52,58
-100,86
-80,-4
-76,22
-98,96
-84,4
-70,6
-68,30
-78,84
-88,34
-56,66
-80,40
-50,38
-40,28
-90,94
-92,-6
-90,66
-64,60
-64,40
-92,66
-88,12
-78,8
-52,80
-66,38
-86,72
-48,70
-100,72
-90,18
-68,16
-56,38
-40,18
-88,-4
-64,82
-90,20
-66,16
-84,12
-40,16
-76,32
-66,90
-84,28
-62,32
-68,36
-88,-2
-64,60
-78,50
-96,8
-100,12
-50,42
-76,64
-90,90
-92,64
-40,52
-40,72
-80,72
-36,96
-94,18
-86,80
-46,30
-90,78
-38,74
-86,90
-58,18
-94,96
-44,0
-64,90
-90,76
-36,20
-82,18
-52,0
-74,38
-70,78
-100,6
-70,60
-88,60
-38,52
-98,12
-60,10
-88,30
-60,50
-60,92
-94,32
-74,96
-58,28
-40,6
-74,90
-58,28
-98,14
-62,84
-90,54
-96,22
-90,72
-86,0
-66,64
-64,92
-40,32
-54,76
-76,66
-42,24
-46,90
-44,90
-72,72
-98,0
-70,86
-64,52
-52,84
-94,56
-54,88
-84,94
-64,32
-54,62
-74,56
-50,8
-36,74
-88,92
-98,44
-96,-4
-82,6
-56,40
-38,16
-62,18
-36,70
-52,46
-56,28
-40,80
-74,92
-98,2
-54,38
-90,72
-98,66
-62,2
-60,80
-86,68
-78,80
-40,56
-38,80
-62,38
-96,-6
-92,70
-88,-4
-78,-6
-38,32
-76,78
-52,36
-54,76
-40,84
-90,50
-50,74
-62,14
-66,22
-42,42
-50,26
-76,18
-70,18
-98,76
-100,34
-56,60
-92,34
-96,78
-100,46
-98,94
-50,18
-94,68
-44,50
-36,34
-60,54
-98,86
-82,-4
-36,36
-72,-6
-88,58
-38,8
-84,20
-78,60
-78,56
-48,38
-84,74
-50,14
-66,0
-86,2
-78,14
-84,84
-40,62
-96,-10
-56,40
-66,54
-56,22
-58,58
-52,22
-58,20
-50,60
-68,22
-84,18
-60,28
-72,98
-68,66
-64,8
-56,46
-58,10
-66,60
-82,84
-64,22
-56,16
-74,76
-56,84
-78,8
-66,22
-90,0
